,Date,Ticker,Open,High,Low,Close,Volume
0,2023-12-26,AAPL,191.7986702097743,192.0760494430794,191.02596875756228,191.24391174316406,28919300
1,2023-12-26,GOOG,141.91561808969738,142.87344590686627,141.43919556634015,141.75682067871094,11170100
2,2023-12-26,META,352.5274850525142,354.5037013689945,350.9981895908106,352.36859130859375,9898600
3,2023-12-26,MSFT,369.49097688586306,371.4024792784928,368.01301297831964,369.1559753417969,12673100
4,2023-12-26,TSLA,254.49000549316406,257.9700012207031,252.91000366210938,256.6099853515625,86892400
5,2023-12-27,AAPL,190.68914273833013,191.68968812345565,189.30223153241622,191.34295654296875,48087700
6,2023-12-27,GOOG,141.76675222942427,142.25311004255803,140.00098848653337,140.38710021972656,17288400
7,2023-12-27,META,353.59994702628666,356.5096143210113,352.8452094540773,355.34771728515625,13207900
8,2023-12-27,MSFT,368.20019317568403,369.55006195328735,367.3331162784424,368.5746154785156,14905400
9,2023-12-27,TSLA,258.3500061035156,263.3399963378906,257.5199890136719,261.44000244140625,106494400
10,2023-12-28,AAPL,192.3237251836183,192.83886456296054,191.3627987965534,191.7689666748047,34049900
11,2023-12-28,GOOG,140.7940508371397,141.2109224691849,139.77965562656306,140.22828674316406,12192500
12,2023-12-28,META,357.2048130452383,359.38953370527474,355.32790921917086,355.8343811035156,11798800
13,2023-12-28,MSFT,369.8554894003956,370.92947276145065,368.66327375287557,369.7668151855469,14327000
14,2023-12-28,TSLA,263.6600036621094,265.1300048828125,252.7100067138672,253.17999267578125,113619900
15,2023-12-29,AAPL,192.08593771837442,192.58125990446206,189.9362412446781,190.728759765625,42672100
16,2023-12-29,GOOG,139.63275092791076,140.3821354476703,138.8585585697647,139.88088989257812,14881000
17,2023-12-29,META,356.4997762626334,357.50277987070984,349.37952953483807,351.5046691894531,14987100
18,2023-12-29,MSFT,370.476173704129,371.61913572067436,367.9932059180609,370.5155944824219,18730800
19,2023-12-29,TSLA,255.10000610351562,255.19000244140625,247.42999267578125,248.47999572753906,100891600
20,2024-01-02,AAPL,185.39908100307179,186.6770206585062,182.16958591702465,183.90321350097656,82488700
21,2024-01-02,GOOG,138.56076783422094,139.56821116253045,136.714613812198,138.52105712890625,20071900
22,2024-01-02,META,348.8829853109618,350.7102180387925,337.65144247298053,343.88787841796875,19042200
23,2024-01-02,MSFT,368.36769584733304,370.3777351043963,361.3818569854959,365.421630859375,25258600
24,2024-01-02,TSLA,250.0800018310547,251.25,244.41000366210938,248.4199981689453,104654200
25,2024-01-03,AAPL,182.49651173581816,184.1409850600839,181.7138941984477,182.52622985839844,58414500
26,2024-01-03,GOOG,137.56821679113014,140.03967062436058,137.39946900574765,139.3151092529297,18974300
27,2024-01-03,META,342.5870078987604,345.5364072820675,340.7994756721536,342.0805358886719,15451100
28,2024-01-03,MSFT,363.58897105283376,367.7765353087628,363.09631643448915,365.1556091308594,23083500
29,2024-01-03,TSLA,244.97999572753906,245.67999267578125,236.32000732421875,238.4499969482422,121082600
30,2024-01-04,AAPL,180.44587486910356,181.37708304150152,179.18776734055538,180.2081298828125,71983600
31,2024-01-04,GOOG,138.8089287802238,139.58807353971088,136.982614675602,137.01239013671875,18253300
32,2024-01-04,META,342.1102764024705,345.7349510637001,341.0179008085137,344.71209716796875,12099900
33,2024-01-04,MSFT,365.22457289866344,367.61886702823733,361.7759907127874,362.53466796875,20901500
34,2024-01-04,TSLA,239.25,242.6999969482422,237.72999572753906,237.92999267578125,102629300
35,2024-01-05,AAPL,180.28735888479392,181.0501441007679,178.48437903023975,179.48492431640625,62379700
36,2024-01-05,GOOG,137.32207747702685,137.7766606176353,135.83125983765348,136.3672332763672,15439500
37,2024-01-05,META,344.5829304814247,351.04778049334163,343.8580138665501,349.508544921875,13920700
38,2024-01-05,MSFT,363.54952100172824,366.59412268972636,361.11580618022657,362.3474426269531,21004600
39,2024-01-05,TSLA,236.86000061035156,240.1199951171875,234.89999389648438,237.49000549316406,92488900
40,2024-01-08,AAPL,180.38643729162627,183.86360885082058,179.80196071659407,183.823974609375,59144500
41,2024-01-08,GOOG,136.97267641963853,139.59302266707593,136.85357459095405,139.4838409423828,17645300
42,2024-01-08,META,352.23944569820395,356.4897539748458,349.60780459707183,356.1719665527344,13890200
43,2024-01-08,MSFT,363.8746851951502,369.6880336849266,363.5889671694232,369.1855163574219,23134000
44,2024-01-08,TSLA,236.13999938964844,241.25,235.3000030517578,240.4499969482422,85166600
45,2024-01-09,AAPL,182.19932576748687,183.41781421075365,181.0204564512382,183.4079132080078,42841800
46,2024-01-09,GOOG,139.01734435202192,141.73695233295356,138.74935008117012,141.4987335205078,19579700
47,2024-01-09,META,353.9276468114624,358.13825453556467,352.89485280677195,354.95050048828125,13463900
48,2024-01-09,MSFT,366.54494103821247,370.46645300820035,365.73698015432115,370.2694091796875,20830000
49,2024-01-09,TSLA,238.11000061035156,238.9600067138672,232.0399932861328,234.9600067138672,96705700
50,2024-01-10,AAPL,182.6253074687535,184.6561164657865,182.1993225017619,184.44808959960938,46792900
51,2024-01-10,GOOG,141.4590525315388,143.44911655095675,141.3995016085915,142.72952270507812,16641900
52,2024-01-10,META,357.671577377967,370.35298322336445,356.58911184712105,367.9001159667969,22117200
53,2024-01-10,MSFT,370.84081671988235,378.52624647847034,370.7915632878579,377.14678955078125,25514200
54,2024-01-10,TSLA,235.10000610351562,235.5,231.2899932861328,233.94000244140625,91628500
55,2024-01-11,AAPL,184.7947925921475,185.3000308909078,181.90211286972462,183.8536834716797,49128400
56,2024-01-11,GOOG,143.81636594660668,145.56822619459635,141.15630872935984,142.60047912597656,17471100
57,2024-01-11,META,369.54857861141966,370.19406356936474,360.41238591073494,367.10565185546875,17205400
58,2024-01-11,MSFT,380.3293303889791,384.9405699760392,374.79189779905875,378.9794616699219,27850800
59,2024-01-11,TSLA,230.57000732421875,230.92999267578125,225.3699951171875,227.22000122070312,105873600
60,2024-01-12,AAPL,184.3192926371913,184.99293868218925,183.45743685571247,184.18060302734375,40477800
61,2024-01-12,GOOG,143.26547572373775,143.66250706209212,142.29277544886418,143.16622924804688,13998700
62,2024-01-12,META,367.59220145000734,374.4443300465793,366.9765072427444,371.89215087890625,19310000
63,2024-01-12,MSFT,379.8268898847667,382.9700291017084,378.9992336430531,382.76312255859375,21661200
64,2024-01-12,TSLA,220.0800018310547,225.33999633789062,217.14999389648438,218.88999938964844,123043800
65,2024-01-16,AAPL,180.45578462721193,182.5361287641061,179.23728115128065,181.9120330810547,65603000
66,2024-01-16,GOOG,142.36224553035362,144.75430821315538,141.99103675526231,143.00741577148438,19198900
67,2024-01-16,META,371.0580746400712,373.0044701104636,364.68262559209205,364.9110107421875,15306900
68,2024-01-16,MSFT,387.8768338056293,388.24139340844187,381.925557656747,384.53662109375,27202300
69,2024-01-16,TSLA,215.10000610351562,223.49000549316406,212.17999267578125,219.91000366210938,115355000
70,2024-01-17,AAPL,179.5741044525339,181.21856257523459,178.61317822966134,180.9709014892578,47317400
71,2024-01-17,GOOG,141.8461340405236,142.34241187414503,139.46399135202222,141.82627868652344,17884500
72,2024-01-17,META,363.75901875957754,365.9835008176881,356.1223607318254,365.8146667480469,12724800
73,2024-01-17,MSFT,382.28028145481545,384.37896483224864,379.1568380014038,383.7483825683594,22234100
74,2024-01-17,TSLA,214.86000061035156,215.6699981689453,212.00999450683594,215.5500030517578,103164400
75,2024-01-18,AAPL,184.34900450558874,187.37047281337263,184.09144241490495,186.86524963378906,78005800
76,2024-01-18,GOOG,142.37218029404167,144.501216335679,142.2828539232533,143.91064453125,18876800
77,2024-01-18,META,368.9130159917957,374.2358501785285,368.37678371670535,373.5208435058594,16354300
78,2024-01-18,MSFT,385.9653010602353,388.2019420036005,384.3888004079398,388.0837097167969,23392100
79,2024-01-18,TSLA,216.8800048828125,217.4499969482422,208.74000549316406,211.8800048828125,108595400
80,2024-01-19,AAPL,187.55873492259758,190.15421881279246,187.05351164263914,189.7678680419922,68903000
81,2024-01-19,GOOG,145.21587059121103,146.93795552830417,144.71464020562468,146.8684844970703,27181000
82,2024-01-19,META,376.3709265262171,381.69373035981744,375.3480727138561,380.7900695800781,21670800
83,2024-01-19,MSFT,389.94597903844516,392.813232421875,387.71917062186213,392.813232421875,29331100
84,2024-01-19,TSLA,209.99000549316406,213.19000244140625,207.55999755859375,212.19000244140625,102260300
85,2024-01-22,AAPL,190.5009136397872,193.50256484427592,190.4612794003693,192.07603454589844,60133900
86,2024-01-22,GOOG,147.60295295917035,148.8982307739715,146.4813602617648,146.6103973388672,21829200
87,2024-01-22,META,385.25889688784116,387.64224260765957,378.5159889884605,379.1316833496094,17680500
88,2024-01-22,MSFT,394.14341273142753,394.73460432133396,387.80788119131773,390.68499755859375,27016900
89,2024-01-22,TSLA,212.25999450683594,217.8000030517578,206.27000427246094,208.8000030517578,117952500
90,2024-01-23,AAPL,193.1954970136862,193.91866327514697,192.0166276255296,193.35398864746094,42355600
91,2024-01-23,GOOG,146.62030579627236,147.75181850773038,146.09425257091357,147.57315063476562,14113600
92,2024-01-23,META,381.9519604782741,385.6858877821844,379.42957148217187,382.5279541015625,15506100
93,2024-01-23,MSFT,389.93613781643626,393.5128152245442,388.14286775502507,393.03985595703125,20525900
94,2024-01-23,TSLA,211.3000030517578,215.64999389648438,207.75,209.13999938964844,106605900
95,2024-01-24,AAPL,193.59173469903226,194.54276001272405,192.52183688964197,192.6803436279297,53631300
96,2024-01-24,GOOG,149.17117734908445,150.4416624752705,148.7245303494736,149.23074340820312,19245000
97,2024-01-24,META,387.29462029869575,393.4019524806912,385.1198096217787,387.9897766113281,15698500
98,2024-01-24,MSFT,395.641052600286,399.670963497878,394.56706921313554,396.64605712890625,24867000
99,2024-01-24,TSLA,211.8800048828125,212.72999572753906,206.77000427246094,207.8300018310547,123369900
100,2024-01-25,AAPL,193.39358838897635,194.43376796447615,191.30332823639347,192.35340881347656,54822100
101,2024-01-25,GOOG,150.61041176967234,153.60791916668836,150.0942785499404,152.4962615966797,21495100
102,2024-01-25,META,387.46341553776983,392.74648782201257,382.98469157703823,390.4525146484375,15091100
103,2024-01-25,MSFT,398.3802111244257,401.03069519921775,396.6164992894369,398.922119140625,21021200
104,2024-01-25,TSLA,189.6999969482422,193.0,180.05999755859375,182.6300048828125,198076800
105,2024-01-26,AAPL,192.45249496932922,192.93790105900956,190.14429166563914,190.6197967529297,44594000
106,2024-01-26,GOOG,151.73199213213928,152.96276671016125,151.66252110538252,152.6451416015625,19494500
107,2024-01-26,META,391.6144490770692,394.0375255245111,388.8735851564818,391.4059143066406,13163700
108,2024-01-26,MSFT,398.429510169981,400.20308492188695,396.5180077543924,397.9959716796875,17803300
109,2024-01-26,TSLA,185.5,186.77999877929688,182.10000610351562,183.25,107343200
110,2024-01-29,AAPL,190.2136280052267,190.4018528619721,187.8063693410428,189.93624877929688,47145600
111,2024-01-29,GOOG,152.49626825555958,154.04465283716846,151.7816268878633,153.6873321533203,20909300
112,2024-01-29,META,392.2499898127957,400.13491336467393,390.3731162858589,398.2381591796875,18742400
113,2024-01-29,MSFT,400.09466184188676,403.9570872376775,398.39006605624104,403.7008972167969,24510200
114,2024-01-29,TSLA,185.6300048828125,191.47999572753906,183.6699981689453,190.92999267578125,125013100
115,2024-01-30,AAPL,189.15363947733223,190.00559424490717,185.71610228505008,186.28076171875,55859400
116,2024-01-30,GOOG,152.8635048238572,153.8858360295156,151.63769787306504,151.91065979003906,26578900
117,2024-01-30,META,400.7903628671586,403.5411369497702,396.7982598167087,397.28485107421875,18614700
118,2024-01-30,MSFT,406.2035919940408,406.98196463436994,400.47894778438507,402.5874938964844,33477600
119,2024-01-30,TSLA,195.3300018310547,196.36000061035156,190.61000061035156,191.58999633789062,109982300
120,2024-01-31,AAPL,185.2901205380725,185.34957189909602,182.62529981948686,182.67481994628906,55467800
121,2024-01-31,GOOG,144.30765567544884,144.50616376310435,140.49624586975654,140.744384765625,43908600
122,2024-01-31,META,386.30157872571164,395.23914738517544,384.41476473655706,387.4336853027344,20180800
123,2024-01-31,MSFT,400.98143260936786,409.21863334219495,391.3746676938224,391.7392272949219,47871100
124,2024-01-31,TSLA,187.0,193.97000122070312,185.85000610351562,187.2899932861328,103221400
125,2024-02-01,AAPL,182.26867176596141,185.20097077595153,182.1002640289582,185.11181640625,64885400
126,2024-02-01,GOOG,142.62032911698014,143.54339863638106,141.20096660878144,141.6476287841797,25526900
127,2024-02-01,META,391.20730397034777,397.7217958803975,390.32346321045657,392.0414733886719,29727100
128,2024-02-01,MSFT,395.92680994843744,402.00618136275216,395.89725187316617,397.8481750488281,30657700
129,2024-02-01,TSLA,188.5,189.8800048828125,184.27999877929688,188.86000061035156,91843300
130,2024-02-02,AAPL,178.17728694752884,185.57740118350648,177.57299331125648,184.1112518310547,102551700
131,2024-02-02,GOOG,139.8411690547345,142.80891598819684,137.14141639534614,142.471435546875,42136100
132,2024-02-02,META,456.4118123081212,482.5889413919977,449.86753003715205,471.6950378417969,84707600
133,2024-02-02,MSFT,397.8777185090492,406.58784851032016,397.63139120108593,405.1788635253906,28256700
134,2024-02-02,TSLA,185.0399932861328,188.69000244140625,182.0,187.91000366210938,110612700
135,2024-02-05,AAPL,186.38972207997213,187.4794368744002,184.10133612770585,185.9241180419922,69668800
136,2024-02-05,GOOG,142.96771551558987,145.5781418375602,142.8386935740903,143.85108947753906,29254400
137,2024-02-05,META,466.6205169046831,468.6264935538415,456.03446010862973,456.22314453125,40832400
138,2024-02-05,MSFT,403.87823795810993,405.11973718115985,398.05505693610314,399.690673828125,25352300
139,2024-02-05,TSLA,184.25999450683594,184.67999267578125,175.00999450683594,181.05999755859375,134294400
140,2024-02-06,AAPL,185.1118319583491,187.53890796123954,185.0226775811573,187.5290069580078,43490800
141,2024-02-06,GOOG,144.87343857858662,145.6476308233524,143.44415592818876,144.32752990722656,21517700
142,2024-02-06,META,460.7812985876426,463.879650746446,449.8576040090562,451.565673828125,21655200
143,2024-02-06,MSFT,399.91727449589274,401.97656696928505,396.9909051770198,399.5329895019531,18382600
144,2024-02-06,TSLA,177.2100067138672,186.49000549316406,177.11000061035156,185.10000610351562,122676000
145,2024-02-07,AAPL,188.85645841865113,189.26262627331204,186.8454513829838,187.63796997070312,53439000
146,2024-02-07,GOOG,145.03224491999396,145.90569884799675,144.12903067557204,145.58807373046875,21436100
147,2024-02-07,META,454.82289153063925,468.24909348841373,453.0155094480888,466.3324890136719,23066000
148,2024-02-07,MSFT,401.4543453507497,408.21355139808253,401.41492456704214,407.96722412109375,22340500
149,2024-02-07,TSLA,188.17999267578125,189.7899932861328,182.67999267578125,187.5800018310547,111535200
150,2024-02-08,AAPL,187.6181328392653,187.76672344534998,185.59722501634783,186.5581512451172,40962000
151,2024-02-08,GOOG,145.87593025855838,146.51116537834093,145.33002152783902,146.1240692138672,18241300
152,2024-02-08,META,465.07128540672204,467.3255275743359,461.80409955291196,466.7396240234375,18815100
153,2024-02-08,MSFT,407.9672510426615,409.45507751601383,406.46959192466915,408.0263671875,21225300
154,2024-02-08,TSLA,189.0,191.6199951171875,185.5800018310547,189.55999755859375,83034000
155,2024-02-09,AAPL,187.12355136214254,188.45272038917548,186.47881682618166,187.3219451904297,45155200
156,2024-02-09,GOOG,146.84860945927664,149.57318509278926,146.3324762663136,149.10171508789062,21877700
157,2024-02-09,META,469.6692762862894,470.30482100733246,464.22727876528506,464.8628234863281,18413100
158,2024-02-09,MSFT,409.1496384913206,414.6378178606117,408.9919854136341,414.37176513671875,22032800
159,2024-02-09,TSLA,190.17999267578125,194.1199951171875,189.47999572753906,193.57000732421875,84476300
160,2024-02-12,AAPL,186.8954092628083,187.14338640307878,185.27859346494134,185.63568115234375,41781900
161,2024-02-12,GOOG,148.42675507380383,149.46894146398108,147.45405484406334,147.62278747558594,17236100
162,2024-02-12,META,464.9422419936449,475.82620571090297,463.34339455149507,465.6473083496094,19382000
163,2024-02-12,MSFT,414.381611300105,414.5589597294503,408.6569675775543,409.15948486328125,21202900
164,2024-02-12,TSLA,192.11000061035156,194.72999572753906,187.27999877929688,188.1300048828125,95498600
165,2024-02-13,AAPL,184.26682864248664,184.70327076235637,182.02510596048688,183.542724609375,56529500
166,2024-02-13,GOOG,144.9826256402481,146.93794653373433,144.0297654565706,145.28038024902344,18138500
167,2024-02-13,META,453.7007370395461,464.64431187911475,451.93308592056786,456.9281921386719,20916600
168,2024-02-13,MSFT,398.991129023294,404.04577027322716,397.46391171761815,400.3508605957031,27824900
169,2024-02-13,TSLA,183.99000549316406,187.25999450683594,182.11000061035156,184.02000427246094,86759500
170,2024-02-14,AAPL,183.8204888809099,184.02878118831165,180.96378758253468,182.65994262695312,54630500
171,2024-02-14,GOOG,146.27293079046242,146.72951308299176,144.47143974552327,146.04464721679688,16651800
172,2024-02-14,META,464.68402390922387,470.8211467892726,462.8567913837344,469.9969177246094,16858400
173,2024-02-14,MSFT,402.81865792132635,404.5658693954015,399.3636985334278,404.2203674316406,20401200
174,2024-02-14,TSLA,185.3000030517578,188.88999938964844,183.35000610351562,188.7100067138672,81203000
175,2024-02-15,AAPL,182.06480997798818,182.99720639873473,179.8826142837668,182.37229919433594,65434500
176,2024-02-15,GOOG,143.38460244061395,143.68235703311552,140.82380692871453,142.86846923828125,26724300
177,2024-02-15,META,471.9830306082493,485.230488771925,468.9442599360806,480.6723327636719,24212300
178,2024-02-15,MSFT,402.8877787891035,403.86502912534854,399.08731730113595,401.3280944824219,21825500
179,2024-02-15,TSLA,189.16000366210938,200.8800048828125,188.86000061035156,200.4499969482422,120831800
180,2024-02-16,AAPL,181.9358425720657,183.3542794985624,180.20000281806102,180.83482360839844,49752500
181,2024-02-16,GOOG,143.13645481893047,143.4044339358979,140.46647773695776,140.70468139648438,21865100
182,2024-02-16,META,474.79337139427923,475.6374810676991,465.95511610372483,470.03662109375,23324600
183,2024-02-16,MSFT,402.71009676405504,403.03586697919485,398.24827391084835,398.86029052734375,22296500
184,2024-02-16,TSLA,202.05999755859375,203.1699981689453,197.39999389648438,199.9499969482422,111346700
185,2024-02-20,AAPL,180.31903131312703,180.95385211869663,178.543521838827,180.0908966064453,53665600
186,2024-02-20,GOOG,139.8907885953345,142.26199628899775,139.75183141723363,141.1414031982422,18625600
187,2024-02-20,META,466.46162208862637,472.8768015252767,463.32353891098256,468.4775390625,18015500
188,2024-02-20,MSFT,398.05075832879675,399.28467227572895,392.8880816547379,397.6065673828125,24307900
189,2024-02-20,TSLA,196.1300048828125,198.60000610351562,189.1300048828125,193.75999450683594,104545800
190,2024-02-21,AAPL,180.46782702325083,181.41013702999714,179.19818540957374,180.84475708007812,41371400
191,2024-02-21,GOOG,141.5781469830933,142.90816801011562,140.85358554974505,142.7692108154297,16440800
192,2024-02-21,META,463.7554917524033,466.2407837767999,459.0732100730906,465.2764892578125,12921800
193,2024-02-21,MSFT,395.020342155489,397.11305567339133,392.10829279576154,397.00445556640625,18518900
194,2024-02-21,TSLA,193.36000061035156,199.44000244140625,191.9499969482422,194.77000427246094,103500300
195,2024-02-22,AAPL,181.99539101250986,183.46342668087547,180.9836551083553,182.87818908691406,52292200
196,2024-02-22,GOOG,145.03225276119485,145.11165904486998,142.93795935801376,144.23822021484375,23024700
197,2024-02-22,META,477.41465683896786,487.1072959336593,473.2592557697575,483.27001953125,21625800
198,2024-02-22,MSFT,404.9113664023,407.51737721520215,403.3122186108832,406.3525695800781,27009900
199,2024-02-22,TSLA,194.0,198.32000732421875,191.36000061035156,197.41000366210938,92739500
200,2024-02-23,AAPL,183.51300991264986,183.5427659606793,180.75550513620703,181.0431671142578,45119700
201,2024-02-23,GOOG,143.89079460672014,144.86846253331288,143.71212671320606,144.20840454101562,14519400
202,2024-02-23,META,485.17865028153403,491.4515243217583,479.512203212814,481.18231201171875,18374300
203,2024-02-23,MSFT,410.3208439519873,410.5083711673126,403.70705278478863,405.0594177246094,16295900
204,2024-02-23,TSLA,195.30999755859375,197.57000732421875,191.5,191.97000122070312,78841900
205,2024-02-26,AAPL,180.76540051034647,181.28118200444274,179.1882545795608,179.6941375732422,40867400
206,2024-02-26,GOOG,142.38209499122223,142.76919106180267,137.707166688458,137.7170867919922,33513000
207,2024-02-26,META,480.62562513120974,483.27993019579174,477.7725149199475,478.9057922363281,12101400
208,2024-02-26,MSFT,406.16497794430535,406.855981805031,402.1177341704529,402.2954406738281,16193500
209,2024-02-26,TSLA,192.2899932861328,201.77999877929688,192.0,199.39999389648438,111747100
210,2024-02-27,AAPL,179.6346334198553,182.43180748858953,178.1070858709482,181.15225219726562,54318900
211,2024-02-27,GOOG,138.3721867906262,139.4441487099668,137.46895751434883,139.0570526123047,22364000
212,2024-02-27,META,477.1562177404633,484.40330775112943,477.09657315636196,484.1846008300781,10809600
213,2024-02-27,MSFT,402.73968356058333,403.0654537547415,398.65297570324026,402.23626708984375,14835800
214,2024-02-27,TSLA,204.0399932861328,205.60000610351562,198.25999450683594,199.72999572753906,108645400
215,2024-02-28,AAPL,181.03323362922586,181.63829848228303,178.67250144683115,179.95205688476562,48953900
216,2024-02-28,GOOG,138.06450271897674,138.2431554737171,135.62280905447278,136.40692138671875,30628700
217,2024-02-28,META,482.14670032540863,488.1610954829115,479.9099372826619,481.1724548339844,12715500
218,2024-02-28,MSFT,402.9272470121027,404.0328292486966,400.10406595257604,402.4731750488281,13183100
219,2024-02-28,TSLA,200.4199981689453,205.3000030517578,198.44000244140625,202.0399932861328,99806200
220,2024-02-29,AAPL,179.80325698202418,181.09274105155225,178.07733075339527,179.28746032714844,136682600
221,2024-02-29,GOOG,137.32007836867083,138.90815829996205,136.545886183812,138.7394256591797,35485000
222,2024-02-29,META,485.5664001835374,488.8072305793803,479.77068239389234,487.2464599609375,17732000
223,2024-02-29,MSFT,403.3813298173751,408.8697771758562,400.6963316033454,408.3169860839844,31947300
224,2024-02-29,TSLA,204.17999267578125,205.27999877929688,198.4499969482422,201.8800048828125,85907000
225,2024-03-01,AAPL,178.09718827908785,179.06925444803085,175.94474848019505,178.206298828125,73563100
226,2024-03-01,GOOG,138.5707179501157,138.95781411219164,136.94789464472024,137.05210876464844,28551500
227,2024-03-01,META,489.2148260719434,501.2834191335195,488.95637632208775,499.3448791503906,16273600
228,2024-03-01,MSFT,405.9774695070198,410.51827940686405,405.5925039738578,410.1530456542969,17823400
229,2024-03-01,TSLA,200.52000427246094,204.52000427246094,198.5,202.63999938964844,82243100
230,2024-03-04,AAPL,174.72468891388633,175.46862034292982,172.3837840784165,173.68319702148438,81510100
231,2024-03-04,GOOG,135.52353471693849,135.61287623112753,131.8709373851868,133.20095825195312,43571500
232,2024-03-04,META,500.040763224294,501.45242246523446,493.49948786126953,495.2590637207031,12324100
233,2024-03-04,MSFT,408.11954029802524,411.97922704270553,407.0139581345592,409.58050537109375,17596000
234,2024-03-04,TSLA,198.72999572753906,199.75,186.72000122070312,188.13999938964844,134334900
235,2024-03-05,AAPL,169.37829007310003,170.6479317427376,168.24751498810025,168.74346923828125,95132400
236,2024-03-05,GOOG,131.75186724582878,133.02233750547805,130.57072337665483,132.78411865234375,28447600
237,2024-03-05,META,492.0878145767347,492.6643889703307,485.0196587114357,487.3359375,15325300
238,2024-03-05,MSFT,408.632835591906,408.9191120836045,395.4842705013913,397.4683837890625,26919200
239,2024-03-05,TSLA,183.0500030517578,184.58999633789062,177.57000732421875,180.74000549316406,119660800
240,2024-03-06,AAPL,169.67586125903696,169.85441265484894,167.31511424596866,167.75155639648438,68587700
241,2024-03-06,GOOG,133.2406826036386,133.73696045357664,130.9677215696114,131.57318115234375,23175200
242,2024-03-06,META,494.7023350451915,500.0109149772021,491.3819886609617,493.17138671875,11757900
243,2024-03-06,MSFT,397.7842686719228,399.9460884523173,393.2632209421736,396.91558837890625,22344100
244,2024-03-06,TSLA,179.99000549316406,181.5800018310547,173.6999969482422,176.5399932861328,107920900
245,2024-03-07,AAPL,167.78130279152694,169.34851990765398,167.12665473872153,167.6325225830078,71765100
246,2024-03-07,GOOG,132.89327441489877,134.8089146810949,131.6724352148529,134.2332305908203,24107300
247,2024-03-07,META,500.3190822784107,516.7915739517953,498.430266500058,509.1766662597656,18586400
248,2024-03-07,MSFT,400.8937829786607,404.5066873701211,397.06370848307336,403.87493896484375,18718500
249,2024-03-07,TSLA,174.35000610351562,180.0399932861328,173.6999969482422,178.64999389648438,102129000
250,2024-03-08,AAPL,167.6325286145872,172.29449531822434,167.57301652903823,169.34852600097656,76267000
251,2024-03-08,GOOG,134.02975881406402,137.9503506897374,133.79650762531753,135.27540588378906,26495200
252,2024-03-08,META,511.1649321102501,520.4897527725559,496.412242084079,502.9734191894531,18597100
253,2024-03-08,MSFT,402.71006091285966,405.1384255054804,399.12676961447175,400.9924621582031,18002200
254,2024-03-08,TSLA,181.5,182.72999572753906,174.6999969482422,175.33999633789062,85544600
255,2024-03-11,AAPL,171.54065314121274,172.9690037589795,170.65785520874886,171.35218811035156,60139500
256,2024-03-11,GOOG,136.04962624585653,138.9379520173366,136.04962624585653,137.90570068359375,22536400
257,2024-03-11,META,494.0859947316571,494.3941685090311,473.199591298322,480.74493408203125,20428300
258,2024-03-11,MSFT,398.5641317733387,400.45940694447387,396.09630359488256,399.3143310546875,16120800
259,2024-03-11,TSLA,175.4499969482422,182.8699951171875,174.8000030517578,177.77000427246094,85391500
260,2024-03-12,AAPL,171.7489536078961,172.62183794587216,169.62626998762764,171.82830810546875,59825400
261,2024-03-12,GOOG,137.2208158162895,139.23570253311547,137.18112025498522,138.5806121826172,19019700
262,2024-03-12,META,490.3580671035689,499.3548120932543,481.87825193306827,496.80987548828125,15448200
263,2024-03-12,MSFT,402.37445324131755,410.22215907857986,401.5551475222323,409.9358825683594,22457000
264,2024-03-12,TSLA,177.77000427246094,179.42999267578125,172.41000366210938,177.5399932861328,87391700
265,2024-03-13,AAPL,171.37206037860597,171.78866019215863,169.37831432085247,169.74533081054688,52488700
266,2024-03-13,GOOG,139.01733999159399,141.13148834329465,138.96770918074148,139.72206115722656,19637000
267,2024-03-13,META,492.47554623392085,498.032655619547,488.1411811210766,492.65447998046875,12090700
268,2024-03-13,MSFT,412.7196031326607,412.79856038183436,406.15518600344376,409.7582092285156,17115900
269,2024-03-13,TSLA,173.0500030517578,176.0500030517578,169.14999389648438,169.47999572753906,106524500
270,2024-03-14,AAPL,171.51090581587792,172.89957168966941,170.65786388331372,171.6001739501953,72913500
271,2024-03-14,GOOG,141.24066564149544,143.65256849230894,140.43173040006897,143.26547241210938,36117900
272,2024-03-14,META,497.3168592141215,498.40044284010156,485.28804037111354,488.9364318847656,12620000
273,2024-03-14,MSFT,414.8320308055619,422.31450262164736,412.6109854719372,419.7479553222656,34157300
274,2024-03-14,TSLA,167.77000427246094,171.1699981689453,160.50999450683594,162.5,126325700
275,2024-03-15,AAPL,169.78497182252738,171.22323608398438,168.91208752136302,171.22323608398438,121752700
276,2024-03-15,GOOG,142.3423923528521,143.26546172710042,140.07936695351276,141.1116180419922,41039500
277,2024-03-15,META,486.13303946882996,488.93642563448503,478.46837751695034,481.2519226074219,29153600
278,2024-03-15,MSFT,413.8942494694405,417.16165133292435,407.4778966665496,411.0611877441406,45079900
279,2024-03-15,TSLA,163.16000366210938,165.17999267578125,160.75999450683594,163.57000732421875,97146800
280,2024-03-18,AAPL,174.1493830977455,176.27206668827822,172.11596763998543,172.31434631347656,75604200
281,2024-03-18,GOOG,148.2580382631111,151.79153408899293,147.03719900758404,147.37466430664062,47676700
282,2024-03-18,META,489.0159429440021,494.4935355953168,483.9459417747558,494.0561218261719,11755300
283,2024-03-18,MSFT,408.9191153478435,415.3157366151304,408.45516246098214,411.9496154785156,20106000
284,2024-03-18,TSLA,170.02000427246094,174.72000122070312,165.89999389648438,173.8000030517578,108214400
285,2024-03-19,AAPL,172.92933186407737,175.18096849600929,171.62993409357304,174.65525817871094,55215200
286,2024-03-19,GOOG,147.87095434904094,148.506189435926,145.9156182708543,146.81884765625,17748400
287,2024-03-19,META,485.2980263600341,493.7082462490932,478.4485468375205,493.3205261230469,10903100
288,2024-03-19,MSFT,412.45302237396163,416.24363275003464,410.20236440839864,415.9869689941406,19837900
289,2024-03-19,TSLA,172.36000061035156,172.82000732421875,167.4199981689453,171.32000732421875,77271400
290,2024-03-20,AAPL,174.29816190798687,177.2242889404297,173.67325471299228,177.2242889404297,53423100
291,2024-03-20,GOOG,147.68234569855485,148.64512587240978,146.56572061348362,148.5657196044922,17730000
292,2024-03-20,META,496.56135656046746,505.2101851162554,492.25684403551685,502.5459289550781,11711100
293,2024-03-20,MSFT,416.569367867818,420.4783989986328,415.2466156701396,419.7578125,17860100
294,2024-03-20,TSLA,173.0,176.25,170.82000732421875,175.66000366210938,83846700
295,2024-03-21,AAPL,175.61740074055217,176.05384289670778,169.45764237357878,169.9833526611328,106181300
296,2024-03-21,GOOG,149.2009914071827,150.1786443064252,146.90817484435857,147.63275146484375,19843900
297,2024-03-21,META,511.68185921058966,512.0098740545075,503.03303126628924,504.7727355957031,9712500
298,2024-03-21,MSFT,424.29861540078343,425.27589583117316,421.6629918116586,423.84454345703125,21296200
299,2024-03-21,TSLA,176.38999938964844,178.17999267578125,171.8000030517578,172.82000732421875,73178000
300,2024-03-22,AAPL,170.37020490965267,171.64977539848843,168.68396342338923,170.88600158691406,71160100
301,2024-03-22,GOOG,149.12157348910551,151.4242948324887,148.97268104731734,150.6401824951172,19252900
302,2024-03-22,META,504.0172232261066,506.9697513685857,501.37286886802445,506.58203125,8120600
303,2024-03-22,MSFT,424.17032397071773,424.3282384659813,420.58703259669744,423.22265625,17648500
304,2024-03-22,TSLA,166.69000244140625,171.1999969482422,166.3000030517578,170.8300018310547,75580600
305,2024-03-25,AAPL,169.1898266673456,170.54873636107317,168.0788789435942,169.46755981445312,54288300
306,2024-03-25,GOOG,149.82627217269658,150.3285020596783,147.6922835856365,150.0247802734375,15114700
307,2024-03-25,META,502.81436147156455,504.23594126166455,497.2969948454398,500.0606384277344,8380600
308,2024-03-25,MSFT,419.76765094071106,421.90973884398613,416.1843599578435,417.41827392578125,18060500
309,2024-03-25,TSLA,168.75999450683594,175.24000549316406,168.72999572753906,172.6300048828125,74228600
310,2024-03-26,AAPL,168.6244540719099,170.0329624014482,168.20785429573576,168.33680725097656,57388400
311,2024-03-26,GOOG,150.11412683719794,152.0595274931158,149.90568348003643,150.57069396972656,19312700
312,2024-03-26,META,502.1581625792929,506.99950594867823,492.29651178151727,492.9725341796875,11205400
313,2024-03-26,MSFT,420.13293899173254,420.50805370647623,415.92778013004056,416.2239074707031,16725600
314,2024-03-26,TSLA,178.5800018310547,184.25,177.3800048828125,177.6699981689453,113186200
315,2024-03-27,AAPL,169.03112531152695,172.19531573949365,168.7335497446837,171.90765380859375,60273300
316,2024-03-27,GOOG,151.0123899187446,151.5533309531698,149.0123908062486,150.8089141845703,16622000
317,2024-03-27,META,496.362495999964,496.94905159749567,485.1985839795798,490.9544982910156,9989700
318,2024-03-27,MSFT,418.9780192938283,418.987900246969,413.61790346357526,416.0067443847656,16705000
319,2024-03-27,TSLA,181.41000366210938,181.91000366210938,176.0,179.8300018310547,81804000
320,2024-03-28,AAPL,170.36028779920613,170.83639964948821,169.13031578937776,170.09246826171875,65672700
321,2024-03-28,GOOG,150.86845161567692,151.5334620520856,150.20344117926825,151.1265106201172,21105600
322,2024-03-28,META,489.9405029909663,489.9902270320551,482.2957426384375,482.72320556640625,15212800
323,2024-03-28,MSFT,415.5427795552794,416.4410726444904,413.7264615959985,415.3058776855469,21871200
324,2024-03-28,TSLA,177.4499969482422,179.57000732421875,175.3000030517578,175.7899932861328,77654800
325,2024-04-01,AAPL,169.80482284392966,169.86433493378763,168.1086526063626,168.65420532226562,46240500
326,2024-04-01,GOOG,150.69971301485919,155.83122346043206,150.52104513793768,155.33494567871094,24469800
327,2024-04-01,META,484.3337412105512,494.50353716456914,478.945614537536,488.4593200683594,9247000
328,2024-04-01,MSFT,418.49427621239874,422.3835754753179,416.78652842441346,419.1062927246094,16316000
329,2024-04-01,TSLA,176.1699981689453,176.75,170.2100067138672,175.22000122070312,81562100
330,2024-04-02,AAPL,167.71187939021036,167.96977013364764,166.86875116942764,167.47381591796875,49329500
331,2024-04-02,GOOG,153.59798304881323,154.82875747672568,152.3175929557825,154.7096405029297,17598100
332,2024-04-02,META,482.2460757075962,494.60294050567774,481.79871100314176,494.4438781738281,11081000
333,2024-04-02,MSFT,414.7036696925523,416.94447677333466,412.4628927366232,416.0165710449219,17912000
334,2024-04-02,TSLA,164.75,167.69000244140625,163.42999267578125,166.6300048828125,116650600
335,2024-04-03,AAPL,167.4242255584593,169.29893197888933,167.21593325359058,168.2772674560547,47691700
336,2024-04-03,GOOG,153.7667298566109,155.38460052174645,152.98460152506624,155.2059326171875,17266200
337,2024-04-03,META,495.99470843998273,504.25581696566337,495.815774689645,503.7587585449219,12099200
338,2024-04-03,MSFT,414.328662399179,417.8132349439438,413.6968838599703,415.0393981933594,16502300
339,2024-04-03,TSLA,164.02000427246094,168.82000732421875,163.27999877929688,168.3800048828125,82950100
340,2024-04-04,AAPL,168.91210166538218,170.52891745806397,167.45401000976562,167.45401000976562,53704400
341,2024-04-04,GOOG,153.92553844996553,155.01734062345932,150.74936326631402,150.8089141845703,24184800
342,2024-04-04,META,513.3817968019891,526.8819203543317,507.5761581503475,507.9141845703125,26476300
343,2024-04-04,MSFT,419.52089960464946,423.1535654935394,412.1964026116657,412.5024108886719,19370900
344,2024-04-04,TSLA,170.07000732421875,177.19000244140625,168.00999450683594,171.11000061035156,123162000
345,2024-04-05,AAPL,168.21776886148135,169.01129873561936,167.5829479892356,168.20785522460938,42104800
346,2024-04-05,GOOG,150.55083610895826,153.6873156475276,149.9562962344758,152.7940216064453,16297300
347,2024-04-05,META,513.8191043018942,527.5777050911468,511.3835064351155,524.2374877929688,19263300
348,2024-04-05,MSFT,414.60502494858775,421.0213783675685,412.9367706496642,420.0440979003906,16554800
349,2024-04-05,TSLA,169.0800018310547,170.86000061035156,160.50999450683594,164.89999389648438,143157600
350,2024-04-08,AAPL,167.6622991252661,167.83092176064616,166.87869803905005,167.0869903564453,37425500
351,2024-04-08,GOOG,152.8684650185755,155.48881145200644,152.84365718423768,154.97764587402344,16641500
352,2024-04-08,META,526.1660874417956,528.3630463964502,515.8372009291234,516.195068359375,13260600
353,2024-04-08,MSFT,419.698621129678,421.7814536782747,417.85266032435015,419.1260681152344,14272400
354,2024-04-08,TSLA,169.33999633789062,174.5,167.7899932861328,172.97999572753906,104423300
355,2024-04-09,AAPL,167.33498182341344,168.7038205676874,166.98782288624614,168.29713439941406,42373800
356,2024-04-09,GOOG,156.17865616181027,158.69974114878684,155.47393490260237,156.9627685546875,21521500
357,2024-04-09,META,519.1575460910624,522.7761454501457,503.7586880786701,513.8589477539062,10863800
358,2024-04-09,MSFT,420.9522561397257,422.23551472539157,416.1942762454294,420.7943115234375,12496900
359,2024-04-09,TSLA,172.91000366210938,179.22000122070312,171.9199981689453,176.8800048828125,102951700
360,2024-04-10,AAPL,167.43415997850798,167.72180678766216,165.75783217031642,166.4224090576172,49709300
361,2024-04-10,GOOG,156.70470686068956,156.98262125943583,155.03720532301298,156.48634338378906,16339200
362,2024-04-10,META,506.29378924573456,519.4857091896904,502.82430073937064,516.7717895507812,11418500
363,2024-04-10,MSFT,416.75696418781513,418.5732821571219,414.29901690120346,417.8132019042969,16216600
364,2024-04-10,TSLA,173.0399932861328,174.92999267578125,170.00999450683594,171.75999450683594,84532400
365,2024-04-11,AAPL,166.97785862713312,174.04025682035402,166.79932237773104,173.62364196777344,91070300
366,2024-04-11,GOOG,157.16125924518346,159.92056276267266,156.754307790576,159.593017578125,17841700
367,2024-04-11,META,518.0441650826642,520.7779861454409,514.2466318161514,520.0820922851562,10369500
368,2024-04-11,MSFT,420.3402327247268,423.8445365841043,416.92473693729744,422.4230651855469,17966400
369,2024-04-11,TSLA,172.5500030517578,175.8800048828125,168.50999450683594,174.60000610351562,94516000
370,2024-04-12,AAPL,172.8499658132502,176.91679662448954,172.80038249764078,175.12144470214844,101670900
371,2024-04-12,GOOG,158.2183549670864,160.49626869453323,157.4193548234397,158.0049591064453,16989800
372,2024-04-12,META,514.703986717133,517.1296341998783,506.3335096925716,508.8883972167969,11984500
373,2024-04-12,MSFT,418.59302946474156,419.70849269035864,414.3681085669582,416.470703125,19253800
374,2024-04-12,TSLA,172.33999633789062,173.80999755859375,170.36000061035156,171.0500030517578,64722700
375,2024-04-15,AAPL,173.94107267383276,175.20080068867838,171.10421379905583,171.2926788330078,73531800
376,2024-04-15,GOOG,159.086836748206,159.6327454478092,154.9875765936935,155.16624450683594,21140900
377,2024-04-15,META,513.6800255378373,515.4794352711156,494.3544220379405,497.2870788574219,13512900
378,2024-04-15,MSFT,421.1101986920762,421.32736877280126,408.10966683089106,408.3169860839844,20273500
379,2024-04-15,TSLA,170.24000549316406,170.69000244140625,161.3800048828125,161.47999572753906,100245300
380,2024-04-16,AAPL,170.36030960981174,172.35404053556772,166.9084717665257,168.00949096679688,73711200
381,2024-04-16,GOOG,154.48136343603403,156.05952331202272,153.89575922723787,154.83868408203125,15413200
382,2024-04-16,META,495.1795072199256,501.8003287823735,494.185390414838,496.81982421875,9847900
383,2024-04-16,MSFT,409.23499170212773,413.01569096987436,408.4058051032582,409.2448425292969,16765600
384,2024-04-16,TSLA,156.74000549316406,158.19000244140625,153.75,157.11000061035156,97000000
385,2024-04-17,AAPL,168.23761366668208,169.2691919230274,166.64064025878906,166.64064025878906,50901200
386,2024-04-17,GOOG,156.01983278787083,157.49973066989327,154.9726786496622,155.71214294433594,16237800
387,2024-04-17,META,500.1401507465026,500.19979532538446,484.2740556651734,491.2626953125,12193700
388,2024-04-17,MSFT,411.88051429574114,413.4895430541291,405.04955278693666,406.5401306152344,15855500
389,2024-04-17,TSLA,157.63999938964844,158.3300018310547,153.77999877929688,155.4499969482422,82439700
390,2024-04-18,AAPL,166.67039519798726,167.27546002889196,165.20237475763562,165.6884002685547,43122900
391,2024-04-18,GOOG,155.75680560593943,157.30519006828982,155.0471319182285,156.28782653808594,14016100
392,2024-04-18,META,496.87944655072096,509.19656777647754,496.10403669099543,498.8477783203125,14808700
393,2024-04-18,MSFT,405.34570574936373,406.5895007512514,398.7516762985985,399.0675354003906,21029900
394,2024-04-18,TSLA,151.25,152.1999969482422,148.6999969482422,149.92999267578125,96098800
395,2024-04-19,AAPL,164.86511767231858,165.05356757276493,162.7523477339115,163.66490173339844,68149400
396,2024-04-19,GOOG,156.57566262849005,156.81388145021202,152.76425235212744,154.56077575683594,21479900
397,2024-04-19,META,499.8419152749836,499.8419152749836,472.93119653596085,478.2397766113281,25215400
398,2024-04-19,MSFT,398.83061291692513,400.2619651903072,392.6511620364622,393.9837951660156,30565800
399,2024-04-19,TSLA,148.97000122070312,150.94000244140625,146.22000122070312,147.0500030517578,87074500
400,2024-04-22,AAPL,164.18070504913473,165.9066162144586,163.43677364744048,164.49810791015625,48116400
401,2024-04-22,GOOG,154.84860943897397,157.99997681824564,154.50122403079163,156.774169921875,17243900
402,2024-04-22,META,486.8388881901566,489.1154241927228,470.61489447706913,478.8959045410156,17271100
403,2024-04-22,MSFT,394.9314905053024,397.66586357799235,390.65722508776963,395.8001708984375,20286900
404,2024-04-22,TSLA,140.55999755859375,144.44000244140625,138.8000030517578,142.0500030517578,107097600
405,2024-04-23,AAPL,164.0120990106031,165.69834066467516,163.5855704267702,165.54954528808594,49537800
406,2024-04-23,GOOG,157.40940653356301,159.28533622107935,156.78905921434202,158.72950744628906,16115400
407,2024-04-23,META,488.35992348767746,495.82575105924457,486.09333818608064,493.181396484375,15079200
408,2024-04-23,MSFT,399.0379699896353,402.9470318520377,397.87316221870356,402.32513427734375,15734500
409,2024-04-23,TSLA,143.3300018310547,147.25999450683594,141.11000061035156,144.67999267578125,124545100
410,2024-04-24,AAPL,165.19244539313124,167.93012271313196,164.86512888648411,167.6523895263672,48251800
411,2024-04-24,GOOG,157.90567970598426,160.1885608020545,157.63770057657086,159.90072631835938,19485700
412,2024-04-24,META,505.0709561798665,506.9995451118446,481.72908384792635,490.59661865234375,37772700
413,2024-04-24,MSFT,404.28943349750205,407.16198877400103,401.54521009115024,403.7958679199219,15065300
414,2024-04-24,TSLA,162.83999633789062,167.97000122070312,157.50999450683594,162.1300048828125,181178000
415,2024-04-25,AAPL,168.15824741627387,169.2295104164757,166.78940883790665,168.5153350830078,50558300
416,2024-04-25,GOOG,152.21834288977288,157.10171512058272,151.63075464016526,156.774169921875,36197800
417,2024-04-25,META,418.92080020267707,443.1474209983465,412.06140056723507,438.78326416015625,82890700
418,2024-04-25,MSFT,388.9593393273181,394.74394432686086,383.0365516126927,393.9048767089844,40586500
419,2024-04-25,TSLA,158.9600067138672,170.8800048828125,158.36000061035156,170.17999267578125,126427500
420,2024-04-26,AAPL,168.50542350147623,169.95360145871248,167.81107543218243,167.93011474609375,44838400
421,2024-04-26,GOOG,174.6798688681452,175.10666051468928,170.12402706585365,172.39698791503906,56500800
422,2024-04-26,META,438.8627866508182,443.8134991532309,429.4186772096866,440.6820373535156,32691400
423,2024-04-26,MSFT,406.8659105019104,407.68521620447916,400.53839541992835,401.0911865234375,29694700
424,2024-04-26,TSLA,168.85000610351562,172.1199951171875,166.3699951171875,168.2899932861328,109815700
425,2024-04-29,AAPL,171.9671774185786,174.60565774723543,171.69937301226366,172.09613037109375,68169400
426,2024-04-29,GOOG,169.49873042708288,170.1041899716606,165.8163423487109,166.65008544921875,35914600
427,2024-04-29,META,436.97397149750554,437.1728069896792,426.0386868647591,430.0747985839844,21502600
428,2024-04-29,MSFT,400.03497187375575,401.09120962785465,394.0529584180936,397.0735778808594,19582100
429,2024-04-29,TSLA,188.4199981689453,198.8699951171875,184.5399932861328,194.0500030517578,243869700
430,2024-04-30,AAPL,171.92749229774822,173.5740639461448,168.62443536523762,168.95176696777344,65934800
431,2024-04-30,GOOG,166.13397570999825,168.60542967730703,163.27541048543134,163.41436767578125,29420800
432,2024-04-30,META,428.5140490387037,437.0336375847917,427.19188699859626,427.6392517089844,18429500
433,2024-04-30,MSFT,396.32331323474864,396.9847044226994,384.16187921211525,384.3197937011719,28781400
434,2024-04-30,TSLA,186.97999572753906,190.9499969482422,182.83999633789062,183.27999877929688,127031800
435,2024-05-01,AAPL,168.20784791968214,171.31252641733016,167.74164970644674,167.93011474609375,50383100
436,2024-05-01,GOOG,164.9428925341537,167.55331876997855,163.67242249923606,164.3374481201172,25223200
437,2024-05-01,META,426.0784473398745,447.3127666683678,424.5971927447846,436.60614013671875,20344900
438,2024-05-01,MSFT,387.5575723765422,396.55035342207367,385.28718262896496,389.85760498046875,23562500
439,2024-05-01,TSLA,182.0,185.86000061035156,179.00999450683594,179.99000549316406,92829700
440,2024-05-02,AAPL,171.11413192483198,172.0167723030629,169.50724497899176,171.6299285888672,94214900
441,2024-05-02,GOOG,165.42923441345826,167.27538837253567,164.45653419916465,167.20591735839844,17041100
442,2024-05-02,META,436.25825462708866,441.34812827617054,429.7368502219474,439.08154296875,15221300
443,2024-05-02,MSFT,392.5426299953367,394.7834071649824,389.5713551906569,392.7203063964844,17709400
444,2024-05-02,TSLA,182.86000061035156,184.60000610351562,176.02000427246094,180.00999450683594,89148000
445,2024-05-03,AAPL,185.13972451400554,185.48689856009224,181.18201909229816,181.8961944580078,163224100
446,2024-05-03,GOOG,168.27790346086334,168.585608480452,163.7518514416695,167.7320098876953,22767100
447,2024-05-03,META,443.3065022340071,451.4980453862521,441.2387526159293,449.301025390625,16489100
448,2024-05-03,MSFT,397.1031487364524,401.9104729912864,396.68854036623503,401.4267883300781,17446700
449,2024-05-03,TSLA,182.10000610351562,184.77999877929688,178.4199981689453,181.19000244140625,75491500
450,2024-05-06,AAPL,180.87450583987064,182.70952732957792,178.96011472526732,180.23968505859375,78569700
451,2024-05-06,GOOG,167.96026008182562,168.63519062108853,166.64015931452982,168.5657196044922,15147900
452,2024-05-06,META,452.8997516499173,463.41752515549695,450.6729395625831,462.9403381347656,15094600
453,2024-05-06,MSFT,403.4998057579773,408.60325778406036,401.1405474563734,408.2182922363281,16996600
454,2024-05-06,TSLA,183.8000030517578,187.55999755859375,182.1999969482422,184.75999450683594,84390300
455,2024-05-07,AAPL,181.965609726272,183.40387401178498,179.8528549315395,180.92410278320312,77305800
456,2024-05-07,GOOG,168.85358117811535,172.17864903482143,168.73447933328495,171.69229125976562,21102400
457,2024-05-07,META,463.54671998178384,468.75588217992066,458.59600751554564,465.4852294921875,13406800
458,2024-05-07,MSFT,409.32384154303776,409.33372249534176,403.8255133338143,404.0722961425781,20018200
459,2024-05-07,TSLA,182.39999389648438,183.25999450683594,177.39999389648438,177.80999755859375,75045900
460,2024-05-08,AAPL,181.3704630721318,181.58868413827042,179.98178218440233,181.2613525390625,45057100
461,2024-05-08,GOOG,169.47888227678672,170.6292509168176,169.25258273205898,169.88583374023438,14569900
462,2024-05-08,META,460.7731714847008,472.78208998393586,460.27611304728475,469.81964111328125,11683900
463,2024-05-08,MSFT,402.91740058487204,406.92515129872777,401.47616718048914,405.25689697265625,11792300
464,2024-05-08,TSLA,171.58999633789062,176.05999755859375,170.14999389648438,174.72000122070312,79969500
465,2024-05-09,AAPL,181.08280763590477,183.16582147443802,180.6364518520254,183.07655334472656,48983000
466,2024-05-09,GOOG,169.87589704336452,171.15630234033898,168.6649779130589,170.30270385742188,11937700
467,2024-05-09,META,467.2349503609543,473.27916785943904,464.87889812492284,472.6230773925781,9437700
468,2024-05-09,MSFT,405.28649730886616,407.40882353824776,403.83541312066325,407.01397705078125,14689700
469,2024-05-09,TSLA,175.00999450683594,175.6199951171875,171.3699951171875,171.97000122070312,65950300
470,2024-05-10,AAPL,183.65265049654158,183.8413711732151,180.90134794922002,181.8151397705078,50759500
471,2024-05-10,GOOG,168.42676879457593,170.06447954074437,166.66002096888255,169.0222930908203,18740500
472,2024-05-10,META,474.2831551113348,474.69074661810515,466.83723038564307,473.3984069824219,10750000
473,2024-05-10,MSFT,407.62600771381045,410.0346105329173,406.50066355453686,409.40283203125,13402300
474,2024-05-10,TSLA,173.0500030517578,173.05999755859375,167.75,168.47000122070312,72627200
475,2024-05-13,AAPL,184.18898588060125,185.83779081511702,183.3745104951717,185.0233154296875,72044800
476,2024-05-13,GOOG,164.612384104361,169.6773926544997,164.52602618565487,169.6277618408203,19648600
477,2024-05-13,META,469.96872632982064,470.56520248901546,460.12697588623786,465.2566223144531,14668800
478,2024-05-13,MSFT,412.63073648454196,412.96635748889184,405.53326050690544,408.39593505859375,15440200
479,2024-05-13,TSLA,170.0,175.39999389648438,169.0,171.88999938964844,67018900
480,2024-05-14,AAPL,186.245019986336,187.02969899838186,185.0332491027049,186.16555786132812,52393600
481,2024-05-14,GOOG,170.3126201634331,171.49376380888015,169.15133187161973,170.65008544921875,18729500
482,2024-05-14,META,460.6438839752648,469.7599481269555,457.3732312994019,469.0740051269531,10478600
483,2024-05-14,MSFT,406.71781742817865,412.117426712038,406.25386452353786,411.19940185546875,15109300
484,2024-05-14,TSLA,174.5,179.49000549316406,174.07000732421875,177.5500030517578,86407400
485,2024-05-15,AAPL,186.64235255391958,189.3638586651008,186.1059869360216,188.4401397705078,70400000
486,2024-05-15,GOOG,171.01734675545546,172.75035115427644,170.74935248110228,172.58558654785156,20958200
487,2024-05-15,META,472.1855971099574,479.66134434257765,468.4278369108054,478.7070007324219,13100500
488,2024-05-15,MSFT,413.26623802905556,419.1107104287916,412.64321876209584,418.3887939453125,22239500
489,2024-05-15,TSLA,179.89999389648438,180.0,173.11000061035156,173.99000549316406,79663000
490,2024-05-16,AAPL,189.1850657006259,189.81082048816586,188.3805324914181,188.55931091308594,52845200
491,2024-05-16,GOOG,173.30021560876068,175.02725267768008,172.7543069940806,174.1240234375,17247300
492,2024-05-16,META,472.2054681039629,474.8796446556367,469.9687053603125,470.4458923339844,16608200
493,2024-05-16,MSFT,417.1229765763839,420.7028625691673,415.6890726034355,416.32196044921875,17530100
494,2024-05-16,TSLA,174.10000610351562,175.7899932861328,171.42999267578125,174.83999633789062,59812200
495,2024-05-17,AAPL,188.2315240914744,189.5227570757438,187.90374851544715,188.58909606933594,41282900
496,2024-05-17,GOOG,174.2431320810121,176.17364477518316,173.67736814051415,175.9701690673828,16546400
497,2024-05-17,META,468.0599734013936,470.0183846013173,465.6641787449413,469.1336364746094,10807300
498,2024-05-17,MSFT,417.8547794230839,418.2305707168696,413.39477777187733,415.55059814453125,15352200
499,2024-05-17,TSLA,173.5500030517578,179.6300048828125,172.75,177.4600067138672,77445800
500,2024-05-20,AAPL,188.05276500067424,190.6252889956646,187.73491647398643,189.751220703125,44361300
501,2024-05-20,GOOG,175.99005208038096,178.61039857225245,175.90569332559252,177.13150024414062,17495100
502,2024-05-20,META,467.1852115197864,470.4160911835801,464.29232793410193,466.08172607421875,11745100
503,2024-05-20,MSFT,415.55062632751003,422.03788543513167,415.3330645205205,420.6237487792969,16272100
504,2024-05-20,TSLA,177.55999755859375,177.75,173.52000427246094,174.9499969482422,61727400
505,2024-05-21,AAPL,189.80088903544183,191.42982486744873,189.63203768676544,191.05239868164062,42309400
506,2024-05-21,GOOG,177.07191736955156,178.48135968424882,175.99003537359098,178.20343017578125,14706000
507,2024-05-21,META,464.37179476806216,467.93074959484926,459.5503226357023,461.8964538574219,11742200
508,2024-05-21,MSFT,422.09719809997813,428.1691308622737,420.1391721073256,424.28271484375,21453300
509,2024-05-21,TSLA,175.50999450683594,186.8800048828125,174.7100067138672,186.60000610351562,115266500
510,2024-05-22,AAPL,190.9729201671483,191.5192128106237,188.9864124860383,189.61215209960938,34648500
511,2024-05-22,GOOG,177.07192771397584,177.52057390820545,175.46399235466149,176.67491149902344,16189400
512,2024-05-22,META,465.1174209727308,470.9330103029686,462.9104804698009,465.0279541015625,10078600
513,2024-05-22,MSFT,425.3210520448661,427.6153345538536,422.39388170740824,425.74627685546875,18073700
514,2024-05-22,TSLA,182.85000610351562,183.8000030517578,178.1199951171875,180.11000061035156,88313500
515,2024-05-23,AAPL,189.6916095055364,189.71147882549133,185.3709645001415,185.61927795410156,51005900
516,2024-05-23,GOOG,177.44909840127502,178.5706911354357,173.24065698100614,173.7567901611328,14928400
517,2024-05-23,META,470.0979074516569,471.56918074349574,458.8246277741351,463.0396728515625,11747900
518,2024-05-23,MSFT,428.16915515912984,428.79217443912484,420.7028829331948,422.2653503417969,17211700
519,2024-05-23,TSLA,181.8000030517578,181.89999389648438,173.25999450683594,173.74000549316406,71975500
520,2024-05-24,AAPL,187.54620129756856,189.2943226367172,186.771449342652,188.6983642578125,36327000
521,2024-05-24,GOOG,175.205937250306,175.98409753033752,173.8957564502872,175.01734924316406,11403600
522,2024-05-24,META,464.8689106321585,477.026970474764,463.55666912571417,475.40655517578125,12024300
523,2024-05-24,MSFT,422.45322015153533,426.28030386108634,419.704046646492,425.3902893066406,11855300
524,2024-05-24,TSLA,174.83999633789062,180.0800018310547,173.72999572753906,179.24000549316406,65584500
525,2024-05-28,AAPL,190.21803261577213,191.69798625592665,187.82430244055638,188.7082977294922,52280100
526,2024-05-28,GOOG,174.43173748593026,177.18110576503003,174.37217142424652,176.69476318359375,15655300
527,2024-05-28,META,473.77615043562696,478.0309689396704,472.0463969875921,477.0965270996094,10175800
528,2024-05-28,MSFT,424.86614094038555,426.0429482844811,421.8697396793398,425.5484924316406,15718000
529,2024-05-28,TSLA,176.39999389648438,178.25,173.16000366210938,176.75,59736600
530,2024-05-29,AAPL,188.33086600869876,190.95305560689752,188.2315345598267,189.0062713623047,53068000
531,2024-05-29,GOOG,175.4937567808549,176.90318394408737,174.94784816071635,176.07936096191406,15023800
532,2024-05-29,META,471.86746709937256,477.02693553440264,470.91312350005967,471.5692138671875,9226200
533,2024-05-29,MSFT,420.9698312429892,426.1616177574726,420.9698312429892,424.4112548828125,15517100
534,2024-05-29,TSLA,174.19000244140625,178.14999389648438,173.92999267578125,176.19000244140625,54782600
535,2024-05-30,AAPL,189.47311885305376,190.88353764935988,189.34400614498344,189.99954223632812,49889100
536,2024-05-30,GOOG,175.3746792210453,175.3746792210453,171.94042963610715,172.26797485351562,18826300
537,2024-05-30,META,468.8950912608571,468.95473584268626,461.9760163883006,464.30224609375,10719600
538,2024-05-30,MSFT,419.5952468817441,419.5952468817441,409.64679700979286,410.0720520019531,28394500
539,2024-05-30,TSLA,178.5800018310547,182.6699981689453,175.3800048828125,178.7899932861328,77618400
540,2024-05-31,AAPL,190.1485307236603,191.2709124904654,188.62885345568,190.95306396484375,75158300
541,2024-05-31,GOOG,172.10914938166232,173.12156041902205,169.69724634156157,172.6649932861328,28085200
542,2024-05-31,META,463.05958753361114,466.36006254960574,451.786306802676,464.0835266113281,16919800
543,2024-05-31,MSFT,412.1290098934204,412.1290098934204,400.0247386123212,410.5269775390625,47995300
544,2024-05-31,TSLA,178.5,180.32000732421875,173.82000732421875,178.0800018310547,67314600
545,2024-06-03,AAPL,191.5986723140291,193.67458449503022,191.22124613590765,192.72105407714844,50080500
546,2024-06-03,GOOG,172.58559334783465,174.55084943172886,171.16623079349,173.12156677246094,20742800
547,2024-06-03,META,468.08978738058096,476.7783882019674,465.4852064106632,474.6807861328125,11279400
548,2024-06-03,MSFT,410.92250624898264,411.81252080542527,404.38581394057536,408.9347839355469,17484700
549,2024-06-03,TSLA,178.1300048828125,182.63999938964844,174.49000549316406,176.2899932861328,68568900
550,2024-06-04,AAPL,193.32693160548868,194.0023521144802,191.72779227719917,193.0388946533203,47471400
551,2024-06-04,GOOG,173.15134815747416,173.88584486728672,171.93050882140636,173.8262939453125,14066600
552,2024-06-04,META,474.1936972137186,476.07259246304915,470.44588792892165,474.1837463378906,7088700
553,2024-06-04,MSFT,407.856889503619,411.8224355088356,405.13738203313136,411.45654296875,14348900
554,2024-06-04,TSLA,174.77999877929688,177.75999450683594,174.0,174.77000427246094,60056300
555,2024-06-05,AAPL,194.08179923154876,195.5716800296083,193.55537589536917,194.5486297607422,54156800
556,2024-06-05,GOOG,175.22082537536804,176.6451403917242,173.98508322138107,175.75184631347656,15233900
557,2024-06-05,META,481.59986638058245,493.7280723944885,481.06303484683156,492.1474304199219,15690500
558,2024-06-05,MSFT,413.17720689100315,419.37767256450087,411.68394052355205,419.3084716796875,16988000
559,2024-06-05,TSLA,175.35000610351562,176.14999389648438,172.1300048828125,175.0,57953800
560,2024-06-06,AAPL,194.36985841579607,195.17439165110096,192.86010824182844,193.1680145263672,41181800
561,2024-06-06,GOOG,176.10912863285355,177.37961370409542,175.89078033964847,177.0222930908203,14255800
562,2024-06-06,META,490.07972314692046,499.86182906109696,488.0020226239272,490.8551330566406,10667300
563,2024-06-06,MSFT,419.3084807052153,420.5940539083252,415.9164904670929,419.81280517578125,14861300
564,2024-06-06,TSLA,174.60000610351562,179.72999572753906,172.72999572753906,177.94000244140625,69887000
565,2024-06-07,AAPL,193.33687329712626,195.61143330627965,192.83031924399432,195.561767578125,53103900
566,2024-06-07,GOOG,177.13149166279294,178.0843366253854,174.4813546941635,174.64016723632812,14716300
567,2024-06-07,META,492.9924404793725,495.974790725418,487.28622005011016,490.0597839355469,9380700
568,2024-06-07,MSFT,421.47418661206035,421.55328627071816,418.3096570403155,419.1502380371094,13621700
569,2024-06-07,TSLA,176.1300048828125,179.35000610351562,175.5800018310547,177.47999572753906,56244900
570,2024-06-10,AAPL,195.57168290202756,195.96899354752293,190.8537269722117,191.8171844482422,97010200
571,2024-06-10,GOOG,175.33573146009923,177.3429795915251,173.27881120401568,175.5146026611328,17099800
572,2024-06-10,META,490.9544956849635,499.70274150325434,490.507161339267,499.6430969238281,11220900
573,2024-06-10,MSFT,419.9908379970184,423.33333440686357,419.1898218829819,423.12567138671875,13982900
574,2024-06-10,TSLA,176.05999755859375,178.57000732421875,173.1699981689453,173.7899932861328,50774600
575,2024-06-11,AAPL,192.34361998807736,205.76249045694837,192.32376582143226,205.75254821777344,172373300
576,2024-06-11,GOOG,176.59774028847596,177.2635075730835,174.33213917707215,177.0647735595703,14402400
577,2024-06-11,META,497.21744490879473,504.61367606871437,495.33854966036307,504.48443603515625,9673700
578,2024-06-11,MSFT,420.76220781136936,428.0208168757502,420.53474723054455,427.8823547363281,14551100
579,2024-06-11,TSLA,173.9199981689453,174.75,167.41000366210938,170.66000366210938,64761900
580,2024-06-12,AAPL,205.97105482418652,218.7145040828182,205.50422428227435,211.6326141357422,198134300
581,2024-06-12,GOOG,178.61491956248847,180.9302079610102,176.65735845220254,178.42611694335938,18600400
582,2024-06-12,META,510.96610064522395,510.9860023982034,501.50211932861663,505.8464050292969,11983200
583,2024-06-12,MSFT,430.493059431206,438.48345289149796,428.4460049171592,436.1694030761719,22366200
584,2024-06-12,TSLA,171.1199951171875,180.5500030517578,169.8000030517578,177.2899932861328,90389400
585,2024-06-13,AAPL,213.29136576102076,215.2878008107015,210.17254886070077,212.79473876953125,97862700
586,2024-06-13,GOOG,176.71696117955426,177.3827284020576,175.54441999550025,175.62391662597656,15956900
587,2024-06-13,META,502.73476019016255,506.3632801665325,498.4103463715146,501.1342468261719,9954600
588,2024-06-13,MSFT,435.9617380262819,438.4735822465715,434.4981378154063,436.6836242675781,15960600
589,2024-06-13,TSLA,188.38999938964844,191.0800018310547,181.22999572753906,182.47000122070312,118984100
590,2024-06-14,AAPL,212.40734441299963,213.71843162956222,209.874544034183,211.0565185546875,70122700
591,2024-06-14,GOOG,174.74151730896983,177.6013338101472,174.74151730896983,177.2436065673828,12361600
592,2024-06-14,META,500.18897273821244,504.66694031933906,498.2982813887023,501.69158935546875,10243300
593,2024-06-14,MSFT,433.4202190445554,438.22634560390054,431.87751920555326,437.66265869140625,13582000
594,2024-06-14,TSLA,185.8000030517578,186.0,176.9199981689453,178.00999450683594,82038200
595,2024-06-17,AAPL,211.93057220447776,217.47293058672338,211.28496325493592,215.20831298828125,93728300
596,2024-06-17,GOOG,175.8623951756443,178.78383196878292,175.3754991517427,177.65103149414062,15272900
597,2024-06-17,META,499.2137684390171,508.249298155344,493.5814769288384,504.14947509765625,11266600
598,2024-06-17,MSFT,437.68243737571277,445.9398563271766,435.83317727597375,443.3983459472656,20790000
599,2024-06-17,TSLA,177.9199981689453,188.80999755859375,177.0,187.44000244140625,109786100
600,2024-06-18,AAPL,216.12210108008887,217.15509356895643,211.56306955662498,212.8443603515625,79943300
601,2024-06-18,GOOG,177.66097417509516,177.7802267121932,174.5109938407552,175.33575439453125,15640300
602,2024-06-18,META,502.0895867902152,503.5225387370223,492.596287734658,497.0444030761719,13060400
603,2024-06-18,MSFT,444.7235276745664,445.1487826948382,439.95699562171353,441.3908996582031,17112500
604,2024-06-18,TSLA,186.55999755859375,187.1999969482422,182.3699951171875,184.86000061035156,68982300
605,2024-06-20,AAPL,212.4868170943974,212.79473855973384,207.4411002029893,208.26548767089844,86172500
606,2024-06-20,GOOG,175.59412907046394,177.61130893646848,175.34570775531623,176.5878143310547,16753200
607,2024-06-20,META,499.5421103029458,501.2039470199272,494.3377064682487,499.24359130859375,11801200
608,2024-06-20,MSFT,441.3513490930651,441.5788096843686,436.37712366644695,440.7580261230469,19877400
609,2024-06-20,TSLA,184.67999267578125,185.2100067138672,179.66000366210938,181.57000732421875,55893100
610,2024-06-21,AAPL,208.9706859649803,210.4605668046439,205.71281440805072,206.0902557373047,241805100
611,2024-06-21,GOOG,177.3628769542596,181.35946682334284,176.93558443343846,179.12168884277344,58903200
612,2024-06-21,META,500.98504667305747,500.98504667305747,489.979200494197,492.35748291015625,22359200
613,2024-06-21,MSFT,442.4193424510746,445.58384193574466,441.55899405937,444.792724609375,34187100
614,2024-06-21,TSLA,182.3000030517578,183.9499969482422,180.69000244140625,183.00999450683594,61937300
615,2024-06-24,AAPL,206.3187207615107,211.26512140596267,205.1963388988781,206.7358856201172,80727000
616,2024-06-24,GOOG,180.13524186798963,180.93019301645566,179.09186943327995,179.64833068847656,18198300
617,2024-06-24,META,496.75584325197343,505.31371188112524,491.86987981067074,496.4672546386719,13525300
618,2024-06-24,MSFT,444.8125336268041,447.72983562691786,441.4601381818841,442.7061767578125,15913700
619,2024-06-24,TSLA,184.97000122070312,188.8000030517578,182.5500030517578,182.5800018310547,61992100
620,2024-06-25,AAPL,207.73905391104032,209.95402109263304,207.20270345608853,207.65960693359375,55549700
621,2024-06-25,GOOG,180.00109010095835,184.57700570070918,179.96133420634663,184.4080810546875,18797000
622,2024-06-25,META,494.6163313992583,508.2094529447459,493.07393265728075,508.1000061035156,12063200
623,2024-06-25,MSFT,443.27969425576566,446.4145577985047,441.79632662300793,445.94976806640625,16413400
624,2024-06-25,TSLA,184.39999389648438,187.97000122070312,182.00999450683594,187.35000610351562,62905700
625,2024-06-26,AAPL,210.07319184959564,213.41052543273105,209.21899292189278,211.81138610839844,66213200
626,2024-06-26,GOOG,183.03679210972498,184.75586308463522,182.8281267300032,184.19940185546875,13375700
627,2024-06-26,META,504.16931296840505,511.2942595205893,502.2089573502192,510.6076354980469,8882300
628,2024-06-26,MSFT,444.02139740080895,448.57039770845984,443.22038125858614,447.1463623046875,16507000
629,2024-06-26,TSLA,186.5399932861328,197.75999450683594,186.36000061035156,196.3699951171875,95737100
630,2024-06-27,AAPL,213.24168634094727,214.28460598729217,210.91747580739147,212.65567016601562,49772700
631,2024-06-27,GOOG,184.4726841150096,186.31596582475487,184.27890823258446,185.6800079345703,13025700
632,2024-06-27,META,511.73217509345994,520.319926517376,511.38391302671926,517.0161743164062,10121200
633,2024-06-27,MSFT,447.1661206636861,451.11189918090986,446.76066321308457,447.8287048339844,14806300
634,2024-06-27,TSLA,195.1699981689453,198.72000122070312,194.0500030517578,197.4199981689453,72746500
635,2024-06-28,AAPL,214.31436250511817,214.6123416565941,208.88126336573595,209.1990966796875,82542700
636,2024-06-28,GOOG,184.54719750656122,185.40176729684305,182.16731745275024,182.26171875,23032400
637,2024-06-28,META,514.6179980416158,519.3248199785614,501.37313740335526,501.75128173828125,15855100
638,2024-06-28,MSFT,448.0462760060759,450.3306598473802,441.4601198033777,441.994140625,28362300
639,2024-06-28,TSLA,199.5500030517578,203.1999969482422,195.25999450683594,197.8800048828125,95438100
640,2024-07-01,AAPL,210.65919906394006,216.04263295008636,210.49034773322808,215.2877655029297,60402900
641,2024-07-01,GOOG,183.3150503918,184.1696203119794,181.57610120698192,183.3249969482422,11815900
642,2024-07-01,META,502.4776513058608,504.0996449110336,490.7553303316806,502.2089538574219,10328200
643,2024-07-01,MSFT,443.6851847474979,452.29859832649356,440.718449260987,451.66571044921875,17662800
644,2024-07-01,TSLA,201.02000427246094,213.22999572753906,200.85000610351562,209.86000061035156,135691400
645,2024-07-02,AAPL,214.69182595520752,218.89330089441245,213.6489214774443,218.78404235839844,58046200
646,2024-07-02,GOOG,182.31140894074,185.76942888936475,181.90399440532445,185.43157958984375,12555500
647,2024-07-02,META,498.30817385697856,508.0004748642971,497.0045903470144,507.00537109375,7739500
648,2024-07-02,MSFT,448.1748078930114,454.4939381515054,448.085779279666,454.1873779296875,13979800
649,2024-07-02,TSLA,218.88999938964844,231.3000030517578,218.05999755859375,231.25999450683594,205047900
650,2024-07-03,AAPL,218.5158580863075,220.05540466308594,217.55240059045883,220.05540466308594,37369800
651,2024-07-03,GOOG,185.12353666317827,186.43519310717625,184.21430630816909,186.20664978027344,7409100
652,2024-07-03,META,503.89071570148445,508.776679094368,503.542423291387,507.463134765625,6005600
653,2024-07-03,MSFT,453.10947910710325,455.9080860928665,452.80291887761234,455.6608581542969,9932800
654,2024-07-03,TSLA,234.55999755859375,248.35000610351562,234.25,246.38999938964844,166561500
655,2024-07-05,AAPL,220.15471670620812,224.92233836715073,220.15471670620812,224.81307983398438,60412400
656,2024-07-05,GOOG,186.1371043737339,191.04589614109807,186.1371043737339,190.747802734375,14303400
657,2024-07-05,META,509.09512300088096,538.2218010293692,509.09512300088096,537.2664794921875,21354100
658,2024-07-05,MSFT,454.5137192746822,463.15682857412344,453.88083144181417,462.3755798339844,16000300
659,2024-07-05,TSLA,249.80999755859375,252.3699951171875,242.4600067138672,251.52000427246094,154501200
660,2024-07-08,AAPL,225.55802531049062,226.31290797690275,221.7439339584199,226.28311157226562,59085900
661,2024-07-08,GOOG,190.15655112826096,190.46856363455257,188.1244669555665,189.27713012695312,12097600
662,2024-07-08,META,539.6945030030015,540.1522726002711,524.0714224714271,526.7283325195312,14917500
663,2024-07-08,MSFT,461.37681172412664,462.5140844954219,459.3099895783313,461.07025146484375,12962300
664,2024-07-08,TSLA,247.7100067138672,259.44000244140625,244.57000732421875,252.94000244140625,157219600
665,2024-07-09,AAPL,226.39235814584333,227.85244261706796,224.84288445944628,227.13729858398438,48076100
666,2024-07-09,GOOG,190.53913668217973,191.64212785825836,189.0287309360106,189.23741149902344,10198500
667,2024-07-09,META,531.1367301221164,534.8484483976972,525.6039546228031,527.4050903320312,8753200
668,2024-07-09,MSFT,461.8218233419158,462.14815096607435,452.92161689635424,454.4445495605469,17207200
669,2024-07-09,TSLA,251.0,265.6099853515625,250.3000030517578,262.3299865722656,160210900
670,2024-07-10,AAPL,227.75311249906628,231.50761086701095,227.70344677503346,231.4082794189453,62627700
671,2024-07-10,GOOG,189.5454324574855,192.08926388256418,189.41624854275796,191.44337463378906,12052900
672,2024-07-10,META,528.1912137814901,536.2416316137853,525.7731184254491,532.0721435546875,10983300
673,2024-07-10,MSFT,456.10588369109234,461.28777166224876,453.7720362415662,461.0801086425781,18196100
674,2024-07-10,TSLA,262.79998779296875,267.5899963378906,257.8599853515625,263.260009765625,128519400
675,2024-07-11,AAPL,229.82902744909742,230.82228138425162,224.24694518340354,226.03480529785156,64710600
676,2024-07-11,GOOG,190.13171464646283,191.19496504434994,185.64026864562257,186.1172332763672,16452000
677,2024-07-11,META,528.2906682415571,532.8382998725252,505.88091134519624,510.1897277832031,16458300
678,2024-07-11,MSFT,457.84639154158754,459.6264206924659,446.54310684217364,449.658203125,23111200
679,2024-07-11,TSLA,263.29998779296875,271.0,239.64999389648438,241.02999877929688,221707300
680,2024-07-12,AAPL,227.37567478656334,231.07058040656065,227.13728840093884,228.9847412109375,53046500
681,2024-07-12,GOOG,185.73962495696273,187.4984519041039,184.96455175905618,185.6005096435547,14449100
682,2024-07-12,META,495.32290900460265,505.6023185565317,491.81019357981927,496.4274597167969,19750500
683,2024-07-12,MSFT,449.2922544857781,451.2997440970952,445.653066550447,448.5209045410156,16324300
684,2024-07-12,TSLA,235.8000030517578,251.83999633789062,233.08999633789062,248.22999572753906,155955800
685,2024-07-15,AAPL,234.88468027763452,235.62962070976812,231.5175501306247,232.81871032714844,62631300
686,2024-07-15,GOOG,185.3123556492613,188.70081060739636,185.3123556492613,187.00161743164062,12186000
687,2024-07-15,META,496.18862053037293,504.19919410028524,490.95436474146356,493.730712890625,12539200
688,2024-07-15,MSFT,448.2737061930426,452.18981864416236,446.4244459584992,448.9263916015625,14429400
689,2024-07-15,TSLA,255.97000122070312,265.6000061035156,251.72999572753906,252.63999938964844,146912900
690,2024-07-16,AAPL,233.41466404542834,234.67610072880163,230.76267797901863,233.2358856201172,43234300
691,2024-07-16,GOOG,187.76675536324498,189.13803057985837,183.9509928079568,184.32859802246094,12760100
692,2024-07-16,META,499.0445639252562,501.4825804227028,483.411491472676,487.39190673828125,14075800
693,2024-07-16,MSFT,449.18351146737297,449.26261113120097,441.70734079913353,444.5356140136719,17175700
694,2024-07-16,TSLA,255.30999755859375,258.6199951171875,245.8000030517578,256.55999755859375,126332500
695,2024-07-17,AAPL,227.90208429219518,229.89853415546077,225.1110435034522,227.3359375,57345900
696,2024-07-17,GOOG,183.51375521766312,184.060285049871,180.47308126701884,181.46676635742188,17376600
697,2024-07-17,META,476.8239349161113,476.8239349161113,456.87208409476005,459.72802734375,28076600
698,2024-07-17,MSFT,437.6824311668857,439.9173812942367,434.3102386061198,438.60211181640625,21778000
699,2024-07-17,TSLA,252.72999572753906,258.4700012207031,246.17999267578125,248.5,115584800
700,2024-07-18,AAPL,228.7265187407576,228.88544301040346,220.77056004528671,222.66766357421875,66034600
701,2024-07-18,GOOG,182.3809532461557,182.88774234184083,177.08462510298332,178.08824157714844,17877200
702,2024-07-18,META,472.67429731168903,476.8935276372503,462.2655202360778,473.5201416015625,19267200
703,2024-07-18,MSFT,439.41307217646386,439.71963242472316,429.5832863227986,435.4870910644531,20794800
704,2024-07-18,TSLA,251.08999633789062,257.1400146484375,247.1999969482422,249.22999572753906,110869000
705,2024-07-19,AAPL,223.30333735062962,225.2699757257536,221.7737179376491,222.79676818847656,49151500
706,2024-07-19,GOOG,179.23099413726175,180.8208965174912,177.7305349482144,178.25718688964844,14485900
707,2024-07-19,META,473.7290992026768,484.3269482993647,473.3808068088941,474.4555358886719,15149400
708,2024-07-19,MSFT,428.297728628943,436.2485883597653,427.20991955719455,432.26324462890625,20940400
709,2024-07-19,TSLA,247.7899932861328,249.44000244140625,236.8300018310547,239.1999969482422,87403900
710,2024-07-22,AAPL,225.47855462210336,226.24336434241772,221.58500128681854,222.4491424560547,48201800
711,2024-07-22,GOOG,181.19848408923778,183.13616700217142,180.75131366419583,182.19216918945312,16303900
712,2024-07-22,META,484.19761839377304,489.6507984290717,481.5307473618028,485.01361083984375,12023100
713,2024-07-22,MSFT,436.89132199854777,439.6701615477493,434.04325138518465,438.028564453125,15808800
714,2024-07-22,TSLA,244.2100067138672,253.2100067138672,243.75,251.50999450683594,101225400
715,2024-07-23,AAPL,222.85638350906987,225.40905343076804,221.17778191166562,223.4920654296875,39960300
716,2024-07-23,GOOG,182.67907226351633,184.05036260692978,182.17229830124404,182.4405975341797,23772600
717,2024-07-23,META,487.4416350090635,492.7952982379557,485.3320198411337,486.2972717285156,9455500
718,2024-07-23,MSFT,438.97794115369385,443.41817564914504,438.1868237868677,439.91741943359375,13107100
719,2024-07-23,TSLA,253.60000610351562,255.75999450683594,245.6300048828125,246.3800048828125,111928200
720,2024-07-24,AAPL,222.48886176091068,223.28346786979841,215.66521268088363,217.06568908691406,61777600
721,2024-07-24,GOOG,174.28243822270719,176.82626978612888,172.47393913032514,173.2688751220703,31250700
722,2024-07-24,META,469.9974905005345,473.9679450896209,458.3249115680211,459.01153564453125,17649700
723,2024-07-24,MSFT,435.5661744239133,436.5847522773038,422.8487541493976,424.14422607421875,26805800
724,2024-07-24,TSLA,225.4199981689453,225.99000549316406,214.7100067138672,215.99000549316406,167942900
725,2024-07-25,AAPL,217.45306951901438,219.36013034825794,213.17214762576046,216.02279663085938,51391200
726,2024-07-25,GOOG,173.14963533064466,174.09363317944442,167.9824756445121,168.09178161621094,28967900
727,2024-07-25,META,460.99181179623156,461.28037004297926,440.4827059887369,451.1900329589844,18240500
728,2024-07-25,MSFT,424.0453575896341,425.0342693658965,412.88056536465024,413.76068115234375,29943800
729,2024-07-25,TSLA,216.8000030517578,226.0,216.22999572753906,220.25,100636500
730,2024-07-26,AAPL,217.22463751115632,218.00931662499272,214.55278194008886,216.48963928222656,41601300
731,2024-07-26,GOOG,167.7042503176182,168.7674855646174,164.81759611294638,167.61480712890625,25150100
732,2024-07-26,META,461.9271746914679,467.4698795206978,457.1705799627187,463.4198303222656,14222400
733,2024-07-26,MSFT,413.5629210032518,424.1640565570156,412.64321010602674,420.55450439453125,23583800
734,2024-07-26,TSLA,221.19000244140625,222.27999877929688,215.3300018310547,219.8000030517578,94604100
735,2024-07-29,AAPL,215.49636696784094,217.82057739339885,214.2945231128628,216.76773071289062,36311800
736,2024-07-29,GOOG,169.42332041868983,171.07284142949192,168.64824720396254,170.04934692382812,13768900
737,2024-07-29,META,467.57940602342404,471.63941640526457,462.7431854783001,463.4298095703125,11339600
738,2024-07-29,MSFT,426.7945193727036,427.3582063126635,419.9908318898155,421.9983215332031,15125800
739,2024-07-29,TSLA,224.89999389648438,234.27000427246094,224.6999969482422,232.10000610351562,129201800
740,2024-07-30,AAPL,217.71134305668522,218.84365199158069,214.66204605269346,217.323974609375,41643800
741,2024-07-30,GOOG,170.74494041099024,171.85786305259506,169.04573194128005,170.77474975585938,13681400
742,2024-07-30,META,464.7134928556887,470.41544878621977,454.4639354603108,460.9221496582031,11390400
743,2024-07-30,MSFT,422.97735537825565,424.2925947905347,412.732213459478,418.2305908203125,32687600
744,2024-07-30,TSLA,232.25,232.41000366210938,220.0,222.6199951171875,100560300
745,2024-07-31,AAPL,219.94613576688096,222.31008478832948,219.14160257039833,220.58181762695312,50036300
746,2024-07-31,GOOG,173.81539115580748,174.79914483658735,170.63560195458135,172.0565643310547,15650200
747,2024-07-31,META,468.7137838808179,474.166963671529,464.46470156072644,472.505126953125,24285800
748,2024-07-31,MSFT,415.8373969334193,417.10320278469345,407.6393099563061,413.71124267578125,42891400
749,2024-07-31,TSLA,227.89999389648438,234.67999267578125,226.7899932861328,232.07000732421875,67497000
750,2024-08-01,AAPL,222.8563517781312,222.9656103031114,215.555945391783,216.88690185546875,62501000
751,2024-08-01,GOOG,170.89397443893247,174.57060660316841,169.43325599913192,171.3610076904297,17177800
752,2024-08-01,META,518.4491036879097,524.5888774106356,489.6906086164732,495.302978515625,43083100
753,2024-08-01,MSFT,416.1242037023935,422.72022849108816,408.5095707902921,412.4849853515625,30296400
754,2024-08-01,TSLA,227.69000244140625,231.8699951171875,214.3300018310547,216.86000061035156,83861900
755,2024-08-02,AAPL,217.6715836076827,224.0780833133434,216.24131073912352,218.37680053710938,105568600
756,2024-08-02,GOOG,167.1279129721506,169.1351612826965,165.33927661435882,167.33657836914062,18907800
757,2024-08-02,META,486.6057441489951,498.6962488962436,473.8186546145976,485.7499694824219,24044700
758,2024-08-02,MSFT,407.91618767034436,410.39836575672,399.85656314975535,403.9605407714844,29437900
759,2024-08-02,TSLA,214.8800048828125,216.1300048828125,205.77999877929688,207.6699981689453,82880100
760,2024-08-05,AAPL,197.74691336614487,212.0597055615941,194.6777624827749,207.85824584960938,119548600
761,2024-08-05,GOOG,156.3762251898457,164.89211409365296,155.61109855114947,159.62557983398438,34907800
762,2024-08-05,META,449.1401205576873,481.11281153240685,448.5927952293006,473.4007568359375,21396200
763,2024-08-05,MSFT,384.8548203739987,396.59319866894845,381.30460043688157,390.76849365234375,40709200
764,2024-08-05,TSLA,185.22000122070312,203.8800048828125,182.0,198.8800048828125,100308800
765,2024-08-06,AAPL,203.91502798694503,208.5733911865651,199.7135682482994,205.83200073242188,69660500
766,2024-08-06,GOOG,159.92867105318848,161.32479753974454,157.13144480212082,159.52621459960938,36146500
767,2024-08-06,META,476.6547245669501,500.0993678802894,476.3064321601276,491.67083740234375,20955000
768,2024-08-06,MSFT,395.5647367351895,401.17188015725634,394.08136897243253,395.1790466308594,24946500
769,2024-08-06,TSLA,200.75,202.89999389648438,192.6699981689453,200.63999938964844,73783900
770,2024-08-07,AAPL,205.5042262843129,212.19876304064402,204.99767225034321,208.404541015625,63516400
771,2024-08-07,GOOG,162.20917537275696,163.7493752825507,159.22811981197012,159.73489379882812,19334200
772,2024-08-07,META,500.6665697776355,507.6521873819174,484.47621183859076,486.5261535644531,20105300
773,2024-08-07,MSFT,404.1089265381238,405.532931744476,393.06276861454995,394.0121154785156,20650900
774,2024-08-07,TSLA,200.77000427246094,203.49000549316406,191.47999572753906,191.75999450683594,71159800
775,2024-08-08,AAPL,211.67235443417223,212.75499762550604,207.42122864939222,211.87100219726562,47161100
776,2024-08-08,GOOG,161.3188189520736,164.45489516194675,161.00680641897057,162.8053741455078,15733600
777,2024-08-08,META,495.0641811973923,507.46316706158274,492.2977936207041,507.1347961425781,16156800
778,2024-08-08,MSFT,397.97765609010867,401.3597174512935,395.50537665916386,398.2248840332031,20203000
779,2024-08-08,TSLA,195.6999969482422,200.6999969482422,192.0399932861328,198.83999633789062,65033900
780,2024-08-09,AAPL,210.66916408754707,215.31758519349225,210.5400362270979,214.78123474121094,42201600
781,2024-08-09,GOOG,160.62425005314302,164.47478024278507,159.9137536043793,164.34559631347656,13549200
782,2024-08-09,META,505.22421179778416,515.8022018845128,503.22407353299633,515.2349853515625,13696600
783,2024-08-09,MSFT,399.5500195790903,403.5254340135955,397.799656617914,401.5179443359375,19276700
784,2024-08-09,TSLA,197.0500030517578,200.8800048828125,195.11000061035156,200.0,58648300
785,2024-08-12,AAPL,214.86078610016068,218.28152162650582,214.39341520959198,216.31260681152344,38028100
786,2024-08-12,GOOG,164.94675710820903,165.6473069392791,162.51720486741277,162.9146728515625,12435000
787,2024-08-12,META,514.3293458773064,515.4837003209536,506.60736088372124,513.423828125,9767400
788,2024-08-12,MSFT,402.54639174185724,404.2275536933188,399.75765352179553,402.2991638183594,16762900
789,2024-08-12,TSLA,199.02000427246094,199.25999450683594,194.6699981689453,197.49000549316406,64044900
790,2024-08-13,AAPL,217.7843306202791,220.64821789171992,217.7843306202791,220.0316925048828,44155300
791,2024-08-13,GOOG,164.14188103724572,165.4883201860964,163.72950836654053,164.88217163085938,12717600
792,2024-08-13,META,517.4639444796859,528.8976775945399,515.6130659607747,525.9521484375,13743800
793,2024-08-13,MSFT,405.0483994374045,410.3489826258754,405.02863206499177,409.4194030761719,19414300
794,2024-08-13,TSLA,198.47000122070312,208.49000549316406,197.05999755859375,207.8300018310547,76247400
795,2024-08-14,AAPL,219.33559848009435,221.7818227179272,218.4704570730026,220.47915649414062,41960600
796,2024-08-14,GOOG,163.173046955314,163.91831082604588,158.52259251748225,161.00680541992188,22515900
797,2024-08-14,META,525.4745310471874,531.3854502831607,520.5686764069014,524.180908203125,11444200
798,2024-08-14,MSFT,410.200606537794,413.0882423005823,407.87668792866015,412.2377624511719,18267000
799,2024-08-14,TSLA,207.38999938964844,208.44000244140625,198.75,201.3800048828125,70250000
800,2024-08-15,AAPL,223.34303300242357,224.0888356302054,221.51331902381992,223.4623565673828,46414000
801,2024-08-15,GOOG,161.18565824757977,162.48738323398658,160.4702038002915,162.13958740234375,18392500
802,2024-08-15,META,529.186243628135,537.1272134882921,524.1211991482853,534.6991577148438,13482100
803,2024-08-15,MSFT,415.89340426982346,417.191211225686,413.77333444813155,417.1119689941406,20752100
804,2024-08-15,TSLA,205.02000427246094,215.8800048828125,204.82000732421875,214.13999938964844,89848500
805,2024-08-16,AAPL,222.66684293368954,225.56056092969672,222.39834972442236,224.78492736816406,44340200
806,2024-08-16,GOOG,162.37810388183337,165.89574285542548,162.0501859428864,163.69970703125,16853100
807,2024-08-16,META,529.2956914023695,531.047022925906,522.0910894723046,524.8375854492188,14776700
808,2024-08-16,MSFT,416.6859584876603,417.4190624715108,413.41664970781534,414.5757751464844,22775600
809,2024-08-16,TSLA,211.14999389648438,219.8000030517578,210.8000030517578,216.1199951171875,88765100
810,2024-08-19,AAPL,224.45676193958974,224.7252551363764,221.79175263729985,224.6258087158203,40687800
811,2024-08-19,GOOG,165.94542518109844,167.40614360975903,165.04116802765475,167.33657836914062,13100800
812,2024-08-19,META,524.2903643248923,529.0568899352673,520.2005020489785,526.6885986328125,9879700
813,2024-08-19,MSFT,415.06120860773046,417.8252537249248,412.58447325666395,417.6072998046875,15234000
814,2024-08-19,TSLA,217.07000732421875,222.97999572753906,214.08999633789062,222.72000122070312,76435200
815,2024-08-20,AAPL,224.50650638916653,225.89866536829538,224.18828995199718,225.2423553466797,30299000
816,2024-08-20,GOOG,167.6744544383923,169.33390698536027,167.5949577989501,167.89306640625,12622500
817,2024-08-20,META,525.7630642608573,528.4896996697129,523.3051870478047,524.1510009765625,7944400
818,2024-08-20,MSFT,417.7757654099591,421.8970267669262,417.7163261753405,420.8468933105469,16387600
819,2024-08-20,TSLA,224.8800048828125,228.22000122070312,219.55999755859375,221.10000610351562,74001200
820,2024-08-21,AAPL,225.25230383574092,226.70412456960102,223.7905293550798,225.13296508789062,34765500
821,2024-08-21,GOOG,165.93548377958084,167.57505816391546,165.51813784833985,166.57144165039062,15269600
822,2024-08-21,META,524.5690033025425,536.759025104398,524.3500488791344,532.5397338867188,13423300
823,2024-08-21,MSFT,420.1336152453366,422.43203322162,417.7955912661998,420.1930847167969,16067300
824,2024-08-21,TSLA,222.6699981689453,224.66000366210938,218.86000061035156,223.27000427246094,70146000
825,2024-08-22,AAPL,226.51517227009805,227.06209724349452,222.64694316501192,223.27342224121094,43695300
826,2024-08-22,GOOG,167.97253171361726,168.35013692400975,163.9878597056695,164.44496154785156,19123800
827,2024-08-22,META,534.3707451204748,541.5653262197158,526.0019488156585,529.3255615234375,15708300
828,2024-08-22,MSFT,420.410997320223,422.8184073246916,410.75172838496667,411.6829833984375,19361900
829,2024-08-22,TSLA,223.82000732421875,224.8000030517578,210.32000732421875,210.66000366210938,79514500
830,2024-08-23,AAPL,224.39712188969804,226.9427926991927,223.07456326985692,225.5705108642578,38677300
831,2024-08-23,GOOG,165.4982784875892,166.88943174796648,164.6138992372565,166.37271118164062,14281600
832,2024-08-23,META,534.2911656840746,537.2267343182201,522.4892480796358,525.4148559570312,11323900
833,2024-08-23,MSFT,413.09964177069946,415.35842313707064,408.2551330501382,412.9114074707031,18493800
834,2024-08-23,TSLA,214.4600067138672,221.47999572753906,214.2100067138672,220.32000732421875,81525200
835,2024-08-26,AAPL,225.49095216733542,226.00804628168004,222.6370187250734,225.90859985351562,30602200
836,2024-08-26,GOOG,167.09313785297806,168.31040831898503,165.2697339554535,166.8695526123047,11990300
837,2024-08-26,META,525.0167963537939,525.4148622106036,512.4287683884583,518.5685424804688,9584000
838,2024-08-26,MSFT,412.4953551222988,413.3968905070922,407.5121643134923,409.64215087890625,13152800
839,2024-08-26,TSLA,218.75,219.08999633789062,211.00999450683594,213.2100067138672,59301200
840,2024-08-27,AAPL,224.73522230134634,227.56927874043384,223.63143365567382,226.7538604736328,35934600
841,2024-08-27,GOOG,166.55158960509237,167.18257429645269,165.11074898834605,165.32936096191406,13718200
842,2024-08-27,META,516.4390030353331,521.4444048101191,512.7869887253286,516.5584106445312,6282700
843,2024-08-27,MSFT,409.01800038370646,410.5040417108967,406.43230298651787,409.9888916015625,13492900
844,2024-08-27,TSLA,213.25,215.66000366210938,206.94000244140625,209.2100067138672,62821400
845,2024-08-28,AAPL,226.6444476309267,228.57359288043327,224.41697829182954,225.2224578857422,38052200
846,2024-08-28,GOOG,165.72681315627662,166.33296172275269,162.24891502525102,163.46121215820312,15208700
847,2024-08-28,META,515.1353520558432,518.5386506823367,509.9409395253756,514.249755859375,9106100
848,2024-08-28,MSFT,411.019191950483,411.13807041057737,403.5196300124752,406.7790222167969,14882700
849,2024-08-28,TSLA,209.72000122070312,211.83999633789062,202.58999633789062,205.75,64116400
850,2024-08-29,AAPL,228.8122756660522,231.61648594304322,227.5991020536236,228.50399780273438,51906300
851,2024-08-29,GOOG,165.01137047100107,166.57146359413528,160.95911910338887,162.3681640625,17133800
852,2024-08-29,META,516.5086314086758,524.6187519270367,513.1551363566217,515.6826782226562,8317400
853,2024-08-29,MSFT,411.07861373737535,418.12243430135214,406.7790049560858,409.2755432128906,17045200
854,2024-08-29,TSLA,209.8000030517578,214.88999938964844,205.97000122070312,206.27999877929688,62308800
855,2024-08-30,AAPL,228.9017723040151,229.1105885676507,226.20693181059323,227.7184295654297,52990800
856,2024-08-30,GOOG,163.18297313639766,164.23627694740046,162.37809060770428,164.06735229492188,18498800
857,2024-08-30,META,518.797350646977,520.9766304354436,512.677498614824,518.757568359375,9157500
858,2024-08-30,MSFT,411.73253163556785,413.604928025177,408.2948214180594,413.2582092285156,24308300
859,2024-08-30,TSLA,208.6300048828125,214.57000732421875,207.02999877929688,214.11000061035156,63370600
860,2024-09-03,AAPL,227.2709519194148,227.7184305167556,219.93224829880322,221.52330017089844,50190600
861,2024-09-03,GOOG,162.28370448613268,162.3482964515636,156.8581765015654,157.60841369628906,26533100
862,2024-09-03,META,517.095787334066,522.9171206537142,506.12972329874776,509.2543640136719,12459100
863,2024-09-03,MSFT,414.0210025733613,415.97267128987687,403.2422452090673,405.62982177734375,20313600
864,2024-09-03,TSLA,215.25999450683594,219.89999389648438,209.63999938964844,210.60000610351562,76714200
865,2024-09-04,AAPL,220.41949337418052,220.53881694406624,216.2628786668988,219.61402893066406,43840200
866,2024-09-04,GOOG,157.0767719946935,159.38708686154732,156.44578740324155,156.81344604492188,17410700
867,2024-09-04,META,503.5921671144299,514.0606781053099,501.6019595944186,510.2294921875,8335200
868,2024-09-04,MSFT,402.13271297104455,407.41310010382534,400.60703533664076,405.0948791503906,15135800
869,2024-09-04,TSLA,210.58999633789062,222.22000122070312,210.57000732421875,219.41000366210938,80651800
870,2024-09-05,AAPL,220.38966486266608,224.2181094473344,220.28027986462445,221.13546752929688,36615400
871,2024-09-05,GOOG,156.78362071540474,159.9981923507926,156.5252680695483,157.59844970703125,14139500
872,2024-09-05,META,509.2145278610141,519.0760103589896,508.6473113953943,514.329345703125,8640900
873,2024-09-05,MSFT,403.8267457621573,409.25576060406553,402.35062114910426,404.589599609375,14195500
874,2024-09-05,TSLA,223.49000549316406,235.0,222.25,230.1699981689453,119355000
875,2024-09-06,AAPL,222.69667077468378,223.97945984429646,218.54007124155592,219.58419799804688,48423000
876,2024-09-06,GOOG,157.6878830260937,158.21453488965136,150.97553566070164,151.1693115234375,24999100
877,2024-09-06,META,519.3248287702129,522.0116214504744,495.81051872807694,497.82061767578125,14744500
878,2024-09-06,MSFT,405.2533474753259,406.8285475492744,397.0702041035056,397.96185302734375,19609500
879,2024-09-06,TSLA,232.60000610351562,233.60000610351562,210.50999450683594,210.72999572753906,112177000
880,2024-09-09,AAPL,219.58419811845144,220.03167667908036,215.49719894103853,219.67369079589844,67180000
881,2024-09-09,GOOG,152.86080871210243,153.86574636882833,147.45798779294216,148.79127502441406,28057700
882,2024-09-09,META,503.6817688622659,508.826438765725,499.6217281440494,502.3184814453125,11047800
883,2024-09-09,MSFT,403.4503023301037,404.84718480089737,398.40767240518096,401.9444580078125,15295100
884,2024-09-09,TSLA,216.1999969482422,219.8699951171875,213.6699981689453,216.27000427246094,67443500
885,2024-09-10,AAPL,217.69481595725216,220.24048653111632,215.5170698289156,218.87815856933594,51591000
886,2024-09-10,GOOG,150.69171904726548,151.5374693511312,148.79426929811413,149.25892639160156,20401800
887,2024-09-10,META,505.67197656424986,511.66249081468396,497.5817773967797,502.3184814453125,9899000
888,2024-09-10,MSFT,404.4013853254675,412.45570379102855,403.90603822449737,410.3455505371094,19594300
889,2024-09-10,TSLA,220.07000732421875,226.39999389648438,218.63999938964844,226.1699981689453,78891100
890,2024-09-11,AAPL,220.22062862304543,221.84149617822106,216.6706004766808,221.41390991210938,44587100
891,2024-09-11,GOOG,150.33350856255606,151.716548407751,147.95547558607294,151.38819885253906,18991500
892,2024-09-11,META,504.5275670486504,510.6076364452127,493.1734295034738,509.3239440917969,10782500
893,2024-09-11,MSFT,411.6334889005513,420.0444739809542,405.76856523846607,419.10333251953125,19266900
894,2024-09-11,TSLA,224.5500030517578,228.47000122070312,216.8000030517578,228.1300048828125,83548600
895,2024-09-12,AAPL,221.2548069431359,222.29893378586118,218.58981250678085,221.52330017089844,37455600
896,2024-09-12,GOOG,154.03490489530117,154.83090254362375,152.7314661475892,154.76124572753906,20980800
897,2024-09-12,META,514.518364626398,524.1311005430615,512.6973078184791,523.0264892578125,11970500
898,2024-09-12,MSFT,419.37076416429335,423.39298024346107,415.84389519077274,423.02642822265625,17395700
899,2024-09-12,TSLA,224.66000366210938,231.4499969482422,223.8300018310547,229.80999755859375,71894900
900,2024-09-13,AAPL,222.32874892129448,222.78616606005667,220.66809680320824,221.25479125976562,36766600
901,2024-09-13,GOOG,155.57913012080755,158.47753979735216,155.32839292130552,157.5770721435547,16733900
902,2024-09-13,META,517.7923785867389,524.9969209454283,514.5781517601987,522.0513916015625,10321400
903,2024-09-13,MSFT,421.8672937914901,427.8114589338371,421.5007417784194,426.5830078125,15874600
904,2024-09-13,TSLA,228.0,232.6699981689453,226.32000732421875,230.2899932861328,59515100
905,2024-09-16,AAPL,215.32814508742544,216.00434741371936,212.72281255665072,215.10939025878906,59357400
906,2024-09-16,GOOG,157.53728578536007,158.44273330210058,156.82088941853155,158.19398498535156,14157600
907,2024-09-16,META,522.4696166460582,531.9918808562331,515.3578444581102,531.1751708984375,9527600
908,2024-09-16,MSFT,426.59288481147314,429.49561126368206,424.2350280199423,427.32598876953125,13834700
909,2024-09-16,TSLA,229.3000030517578,229.9600067138672,223.52999877929688,226.77999877929688,54323000
910,2024-09-17,AAPL,214.54256344637628,215.6861214463737,213.2995590231644,215.5767364501953,45519300
911,2024-09-17,GOOG,159.28845740813813,160.78094720498908,158.61186932111355,159.47750854492188,12064800
912,2024-09-17,META,535.4781635235854,539.9604028191319,528.4759413037808,534.2032470703125,11690800
913,2024-09-17,MSFT,436.13332953102315,437.73824933805764,428.24738173228826,431.1005859375,18874200
914,2024-09-17,TSLA,229.4499969482422,234.57000732421875,226.5500030517578,227.8699951171875,66761600
915,2024-09-18,AAPL,216.33249894497217,221.46362499015893,216.322545198334,219.45492553710938,59894900
916,2024-09-18,GOOG,160.0446605246212,160.82075399745483,158.8606162005211,160.00485229492188,16756500
917,2024-09-18,META,534.9503115622812,542.0521759030291,531.7928398690025,535.8268432617188,10323500
918,2024-09-18,MSFT,430.9520062716843,431.9724201576507,426.4047232128483,426.8009948730469,18898000
919,2024-09-18,TSLA,230.08999633789062,235.67999267578125,226.8800048828125,227.1999969482422,78010200
920,2024-09-19,AAPL,223.7308812843982,228.53385270483295,223.37289536568892,227.5891571044922,66781300
921,2024-09-19,GOOG,163.99480549324826,164.16395253493934,161.7083067253853,162.42271423339844,17548200
922,2024-09-19,META,547.8291908534814,559.8515587553402,544.3629456091518,556.8932495117188,15647000
923,2024-09-19,MSFT,437.12403789377305,437.3915144590669,432.83431483021604,434.607666015625,21706600
924,2024-09-19,TSLA,234.0,244.24000549316406,232.1300048828125,243.9199981689453,102694600
925,2024-09-20,AAPL,228.68298057338347,231.78551472560144,226.34612621296694,226.92288208007812,318679900
926,2024-09-20,GOOG,163.6962795068724,163.92512368340348,162.3629771291916,163.815673828125,46362700
927,2024-09-20,META,557.7898128965492,562.2720524644678,554.1044037596297,559.1344604492188,22066800
928,2024-09-20,MSFT,433.1512870260625,435.1524782767089,430.17920464774005,431.21942138671875,55167100
929,2024-09-20,TSLA,241.52000427246094,243.99000549316406,235.9199981689453,238.25,99879100
930,2024-09-23,AAPL,226.06770192621624,228.16589404695566,224.54626569168985,225.20257568359375,54146000
931,2024-09-23,GOOG,164.51217902638942,165.77582469509017,162.1341457847575,162.25355529785156,15648400
932,2024-09-23,META,567.2522491176607,571.7145476196829,560.1902057812791,562.1823120117188,12830700
933,2024-09-23,MSFT,430.2386536885338,432.39835967664135,426.3848691715516,429.475830078125,15128900
934,2024-09-23,TSLA,242.61000061035156,250.0,241.9199981689453,250.0,86927200
935,2024-09-24,AAPL,227.37036953161189,228.06646416724695,224.4667129366972,226.0975341796875,43556100
936,2024-09-24,GOOG,163.42762514067337,163.72612612261392,161.21873912966024,162.8206787109375,18774100
937,2024-09-24,META,564.4434434938287,565.509227757349,552.00274823687,561.106689453125,12993000
938,2024-09-24,MSFT,428.9705844602765,429.31733347364775,422.1348005929618,425.1762390136719,17015800
939,2024-09-24,TSLA,254.0800018310547,257.19000244140625,249.0500030517578,254.27000427246094,88491000
940,2024-09-25,AAPL,223.67119056847437,226.0179836305296,222.76629484001745,225.10313415527344,42308700
941,2024-09-25,GOOG,162.15403082295086,163.39478129853632,161.95999987599612,162.17393493652344,13607900
942,2024-09-25,META,561.8237594778809,574.6031382414297,561.495044920447,566.0669555664062,16543400
943,2024-09-25,MSFT,425.8300855631319,429.08947802981356,424.58183139807875,428.0888671875,13396400
944,2024-09-25,TSLA,252.5399932861328,257.04998779296875,252.27999877929688,257.0199890136719,65034300
945,2024-09-26,AAPL,226.02791885863684,227.2212000254045,224.1484968482946,226.24668884277344,36636700
946,2024-09-26,GOOG,164.2037392619377,164.67138731664284,162.68140076296737,163.00975036621094,18234500
947,2024-09-26,META,573.4576286297669,575.12108106941,560.1304333621082,565.5988159179688,14400800
948,2024-09-26,MSFT,431.0411178765214,431.2491551844422,425.1365891561316,427.2962951660156,14492000
949,2024-09-26,TSLA,260.6000061035156,261.75,251.52999877929688,254.22000122070312,67142200
950,2024-09-27,AAPL,227.18143093581907,228.2354962210898,226.02791923090672,226.51516723632812,34026000
951,2024-09-27,GOOG,163.08933732513577,166.13401405564426,163.0097360480935,164.46241760253906,13604300
952,2024-09-27,META,567.8498422431941,568.5869725969067,562.2819395153491,565.1206665039062,9398400
953,2024-09-27,MSFT,427.5043560158928,427.8313020370733,423.49205654568107,424.03692626953125,14896100
954,2024-09-27,TSLA,257.3800048828125,260.70001220703125,254.1199951171875,260.4599914550781,70988100
955,2024-09-30,AAPL,228.75258844686658,231.69602966308594,228.3647716650959,231.69602966308594,54541900
956,2024-09-30,GOOG,163.9549832044503,166.52206755941856,163.81568475956325,166.35292053222656,14070100
957,2024-09-30,META,565.4593818880203,572.4118133775064,562.5708034533277,570.1806640625,12792300
958,2024-09-30,MSFT,424.2251680181162,426.4146240359172,421.4116000312542,426.29571533203125,16807300
959,2024-09-30,TSLA,259.0400085449219,264.8599853515625,255.77000427246094,261.6300048828125,80705700
960,2024-10-01,AAPL,228.23548855910076,228.36475069222354,222.48783771949107,224.9440155029297,63285000
961,2024-10-01,GOOG,168.01455114299765,169.58664220950388,165.06936461206638,167.57675170898438,18629500
962,2024-10-01,META,575.6986908635104,580.7387165887828,567.8497883957224,574.1946411132812,15259300
963,2024-10-01,MSFT,424.4629431708175,424.49266278755016,414.91263654622963,416.775146484375,19092900
964,2024-10-01,TSLA,262.6700134277344,263.9800109863281,248.52999877929688,258.0199890136719,87397600
965,2024-10-02,AAPL,224.62581519597003,226.09752818761766,221.771881889721,225.51083374023438,32880600
966,2024-10-02,GOOG,166.92006448892445,168.0344672685374,165.4176301260722,166.47232055664062,12745000
967,2024-10-02,META,572.5910911056551,573.726606271189,567.0929191356522,570.5491943359375,6524700
968,2024-10-02,MSFT,418.6475564553425,418.88534363054407,412.8321861342137,413.248291015625,16582300
969,2024-10-02,TSLA,247.5500030517578,251.16000366210938,241.5,249.02000427246094,93983900
970,2024-10-03,AAPL,223.88001079844628,225.5406628776434,222.0702042586661,224.40704345703125,34044200
971,2024-10-03,GOOG,164.98977806625155,167.0693101897403,164.54201898480358,166.37281799316406,11004300
972,2024-10-03,META,567.8996641519551,581.0574858806771,566.4852250655888,580.4698486328125,11581000
973,2024-10-03,MSFT,413.74364093705873,415.64575695003026,410.43472579830313,412.6637878417969,13686400
974,2024-10-03,TSLA,244.47999572753906,249.7899932861328,237.80999755859375,240.66000366210938,80729200
975,2024-10-04,AAPL,226.62458134960903,226.72402778202942,222.87569058700512,225.53074645996094,37245100
976,2024-10-04,GOOG,168.49214266571013,168.70109791526065,166.1240692043542,167.71604919433594,11422100
977,2024-10-04,META,581.4260603106362,594.4942722022978,579.1351503249019,593.587890625,14169500
978,2024-10-04,MSFT,414.34796923067006,415.84392727991013,411.10840979384466,412.1882629394531,19169700
979,2024-10-04,TSLA,246.69000244140625,250.9600067138672,244.5800018310547,250.0800018310547,86573200
980,2024-10-07,AAPL,223.24362801538143,224.42697083215958,220.0913701443905,220.44935607910156,39505400
981,2024-10-07,GOOG,168.2931425612473,169.0493318975737,163.30823229275637,163.56692504882812,14034700
982,2024-10-07,META,595.8589431511809,600.5703163409895,581.7349154298203,582.4720458984375,12014200
983,2024-10-07,MSFT,412.12878843935687,413.22844449254166,405.1939290185023,405.7289123535156,20919800
984,2024-10-07,TSLA,249.0,249.8300018310547,240.6999969482422,240.8300018310547,68113300
985,2024-10-08,AAPL,223.0447257693685,224.71531649859696,222.00059897690352,224.50650024414062,31855700
986,2024-10-08,GOOG,164.6017241614429,165.26838299175876,163.48733659266168,164.87037658691406,11723900
987,2024-10-08,META,587.3626054402398,591.2173264049184,583.6572559768421,590.5499877929688,7857400
988,2024-10-08,MSFT,407.0762569270798,411.79197118142247,404.37168100298584,410.8507995605469,19229300
989,2024-10-08,TSLA,243.55999755859375,246.2100067138672,240.55999755859375,244.5,56303200
990,2024-10-09,AAPL,223.96950943919006,228.46421777631028,223.57175408478048,228.25538635253906,33591100
991,2024-10-09,GOOG,164.02958688197026,165.42755100383786,160.31328696387484,162.2435760498047,19666400
992,2024-10-09,META,591.645566596269,592.0440121509104,579.3144244494694,588.1793212890625,9529700
993,2024-10-09,MSFT,411.99007853410836,416.46803570058375,410.4445979894132,413.5751953125,14974300
994,2024-10-09,TSLA,243.82000732421875,247.42999267578125,239.50999450683594,241.0500030517578,66289500
995,2024-10-10,AAPL,226.50523572074002,228.21561101279016,225.89864895817115,227.7581787109375,28183500
996,2024-10-10,GOOG,161.2983412910555,163.48832523779743,160.830693292667,162.36297607421875,12900500
997,2024-10-10,META,585.2509246510792,587.900399135785,580.2208686773732,581.5256958007812,7740400
998,2024-10-10,MSFT,411.3659364512592,413.46620317952954,409.3052757201966,411.9702453613281,13848400
999,2024-10-10,TSLA,241.80999755859375,242.7899932861328,232.33999633789062,238.77000427246094,83087100
1000,2024-10-11,AAPL,228.0167412789572,228.12612627842185,226.0677036085129,226.2765350341797,31759200
1001,2024-10-11,GOOG,162.51222955123868,164.44251865032217,161.6863834324354,163.69627380371094,10946000
1002,2024-10-11,META,582.5218551504805,588.876679922811,580.4102270662737,587.6216430664062,8587100
1003,2024-10-11,MSFT,412.26751359253427,413.24829121073924,409.4043927403761,412.4458312988281,14144900
1004,2024-10-11,TSLA,220.1300048828125,223.33999633789062,214.3800048828125,217.8000030517578,142628900
1005,2024-10-14,AAPL,227.4200987868959,230.43314046117197,227.32066753158787,230.00555419921875,39882100
1006,2024-10-14,GOOG,164.08434289007533,166.78076613469128,163.95498890732665,165.5171356201172,9981800
1007,2024-10-14,META,591.8747117346282,597.7315094974075,587.6315761095043,588.0897216796875,8252000
1008,2024-10-14,MSFT,413.8822865985765,420.0939583051494,413.63461305961806,415.23956298828125,16653100
1009,2024-10-14,TSLA,220.1300048828125,221.91000366210938,213.74000549316406,219.16000366210938,86291900
1010,2024-10-15,AAPL,232.30261271123658,236.16090332060597,231.0695468532438,232.54127502441406,64751400
1011,2024-10-15,GOOG,166.30316540961533,168.24339914310818,165.21862644863623,166.06436157226562,14829300
1012,2024-10-15,META,587.8306549386698,588.2788909804673,577.850244485156,583.9560546875,9564200
1013,2024-10-15,MSFT,418.25128280655105,418.5485092157335,411.3956956650851,414.8432922363281,18900200
1014,2024-10-15,TSLA,220.00999450683594,224.25999450683594,217.1199951171875,219.57000732421875,62988800
1015,2024-10-16,AAPL,230.30386376880503,230.8209426799016,228.55370384388218,230.48284912109375,34082200
1016,2024-10-16,GOOG,165.19871479504792,166.44245625750682,164.38879497014153,165.90516662597656,9968500
1017,2024-10-16,META,579.1052785857133,579.7825873772659,571.7643723313396,574.513427734375,11268400
1018,2024-10-16,MSFT,411.3065088320687,412.48540707078536,406.660150790306,412.2476501464844,15508900
1019,2024-10-16,TSLA,221.39999389648438,222.82000732421875,218.92999267578125,221.3300018310547,49632800
1020,2024-10-17,AAPL,232.12361966628396,232.5412825211578,229.22991678936268,230.8507843017578,32993800
1021,2024-10-17,GOOG,166.5419658674321,167.08919997886755,163.5470266332128,163.6863250732422,15113400
1022,2024-10-17,META,581.0276570619114,582.6611379007146,572.9297407014117,574.6528930664062,8701200
1023,2024-10-17,MSFT,418.429601804324,418.5683135090887,411.722612729939,412.84210205078125,14820000
1024,2024-10-17,TSLA,221.58999633789062,222.0800018310547,217.89999389648438,220.88999938964844,50791800
1025,2024-10-18,AAPL,234.8582339303053,234.8582339303053,232.70037994861724,233.68484497070312,46431500
1026,2024-10-18,GOOG,164.04451089720126,165.53700057775777,163.9251165811216,164.22361755371094,13091300
1027,2024-10-18,META,578.8063713458147,581.6650385792533,572.9794856400565,574.1946411132812,7694300
1028,2024-10-18,MSFT,413.25817959093666,415.74480139281076,412.3863638860618,414.2686767578125,17145300
1029,2024-10-18,TSLA,220.7100067138672,222.27999877929688,219.22999572753906,220.6999969482422,49611900
1030,2024-10-21,AAPL,233.13791711516282,235.52449481958178,233.13791711516282,235.15655517578125,36254500
1031,2024-10-21,GOOG,163.75598620564867,165.38777448150628,163.48235396031905,164.96987915039062,11384000
1032,2024-10-21,META,573.756575861057,574.9617613706962,566.8638436822902,572.8899536132812,8171900
1033,2024-10-21,MSFT,412.2476842514802,415.06125227829034,409.89974372900497,414.8829345703125,14206100
1034,2024-10-21,TSLA,218.89999389648438,220.47999572753906,215.72999572753906,218.85000610351562,47329000
1035,2024-10-22,AAPL,232.5810627118631,234.89802497361626,231.29828871484364,234.5400390625,38846600
1036,2024-10-22,GOOG,163.87537583552393,166.63151123094954,163.84552725432798,165.98477172851562,11958600
1037,2024-10-22,META,572.0233288655415,581.2269108333847,569.8619106006562,579.712890625,8544500
1038,2024-10-22,MSFT,414.59559642085827,426.57308539168537,414.14980218140033,423.53167724609375,25482200
1039,2024-10-22,TSLA,217.30999755859375,218.22000122070312,215.25999450683594,217.97000122070312,43268700
1040,2024-10-23,AAPL,232.76999409553275,233.82405947286142,226.4853561254601,229.46856689453125,52287000
1041,2024-10-23,GOOG,165.59672804397988,166.7608835683857,162.8137346919664,163.656494140625,12754300
1042,2024-10-23,META,577.680923843806,582.6911004356343,560.279904265033,561.4652099609375,14248400
1043,2024-10-23,MSFT,426.8504984713963,427.06845240983137,418.59802889539156,420.6487731933594,19654400
1044,2024-10-23,TSLA,217.1300048828125,218.72000122070312,212.11000061035156,213.64999389648438,80938900
1045,2024-10-24,AAPL,228.69292294524882,229.52823345451665,227.131717270346,229.27963256835938,31109500
1046,2024-10-24,GOOG,163.76595022298804,164.22365383974224,161.95507023863277,163.7062530517578,12764400
1047,2024-10-24,META,564.8916036624881,566.6346966004356,559.3037603206038,565.5390625,7184700
1048,2024-10-24,MSFT,421.3719497046553,422.01592511987707,418.4692229621463,420.7775573730469,13581600
1049,2024-10-24,TSLA,244.67999267578125,262.1199951171875,242.64999389648438,260.4800109863281,204491900
1050,2024-10-25,AAPL,228.45427709115,231.91479719738325,228.28523030841902,230.11492919921875,38802300
1051,2024-10-25,GOOG,164.53705149933973,166.56185106753804,164.4027177042704,166.15391540527344,14566400
1052,2024-10-25,META,571.6647966628544,578.9957335073058,569.4634972400297,570.9874877929688,11337900
1053,2024-10-25,MSFT,422.7886916681798,428.49507004148387,422.6004573402726,424.1657409667969,16899100
1054,2024-10-25,TSLA,256.010009765625,269.489990234375,255.32000732421875,269.19000244140625,161611900
1055,2024-10-28,AAPL,232.01424158684446,233.41633904858514,231.24854661133642,232.09378051757812,36087100
1056,2024-10-28,GOOG,169.7358967018464,169.7518230313522,164.95992601392894,167.49716186523438,20858300
1057,2024-10-28,META,579.7029225322412,581.4460155123639,571.8540189924909,575.8780517578125,10925100
1058,2024-10-28,MSFT,427.64306615669506,427.9204593260478,422.33292947161533,422.6202392578125,14882400
1059,2024-10-28,TSLA,270.0,273.5400085449219,262.239990234375,262.510009765625,107653600
1060,2024-10-29,AAPL,231.7954872619061,233.01859945208068,231.01985366097637,232.36228942871094,35417200
1061,2024-10-29,GOOG,168.53692409934393,170.99953843556716,167.81556311145863,170.28314208984375,28916100
1062,2024-10-29,META,577.8602930748424,591.3268911100713,573.1290403357294,590.9384765625,13019100
1063,2024-10-29,MSFT,424.017135059726,429.13903758740884,421.83759563654417,427.9303894042969,17644100
1064,2024-10-29,TSLA,264.510009765625,264.9800109863281,255.50999450683594,259.5199890136719,80521800
1065,2024-10-30,AAPL,231.30821865562254,232.1634063461827,228.2653461113998,228.81227111816406,47070900
1066,2024-10-30,GOOG,181.4967298616468,182.86981027924938,174.8650910747521,175.25811767578125,49698300
1067,2024-10-30,META,598.6079319045934,598.8270951847134,587.0537410474774,589.4641723632812,26864900
1068,2024-10-30,MSFT,433.3692558016521,434.41938919264413,428.07895261488494,428.50494384765625,29749100
1069,2024-10-30,TSLA,258.0400085449219,263.3500061035156,255.82000732421875,257.54998779296875,53993600
1070,2024-10-31,AAPL,228.05650301771783,228.5437662121666,224.10871977089283,224.6457061767578,64370100
1071,2024-10-31,GOOG,173.84521340267813,177.52668521221588,171.69602444339213,171.82537841796875,32801900
1072,2024-10-31,META,582.6911348906162,587.5718199962945,560.7879342651435,565.3399047851562,26838400
1073,2024-10-31,MSFT,411.4947379049696,412.2873114234298,402.5190506643278,402.568603515625,53971000
1074,2024-10-31,TSLA,257.989990234375,259.75,249.25,249.85000610351562,66575300
1075,2024-11-01,AAPL,219.73336072670745,224.08885327131992,219.03728125399175,221.66250610351562,65276700
1076,2024-11-01,GOOG,170.68114034943142,172.94973899268834,169.4573028676897,171.78558349609375,21752900
1077,2024-11-01,META,565.3696838064145,571.405763142559,560.339627825337,564.9214477539062,15303200
1078,2024-11-01,MSFT,405.20384836550784,411.63344411141696,403.7078904341815,406.5511779785156,24230400
1079,2024-11-01,TSLA,252.0399932861328,254.0,246.6300048828125,248.97999572753906,57544800
1080,2024-11-04,AAPL,219.7532516264011,221.5431659237015,218.48041626355018,220.7675323486328,44944500
1081,2024-11-04,GOOG,170.38261780478933,171.05920580099982,168.6364001184922,169.82540893554688,16194000
1082,2024-11-04,META,561.8735255720723,566.4454360194603,555.6880747714519,558.467041015625,12064600
1083,2024-11-04,MSFT,405.98649273527667,406.600748568275,401.795875395107,404.6589660644531,19672300
1084,2024-11-04,TSLA,244.55999755859375,248.89999389648438,238.8800048828125,242.83999633789062,68802400
1085,2024-11-05,AAPL,220.55871830266648,222.6966799421733,219.90240829460964,222.19947814941406,28111300
1086,2024-11-05,GOOG,169.974690451263,171.23534513726273,169.51698689827467,170.55178833007812,12518300
1087,2024-11-05,META,565.0608971597502,571.2164978665354,564.433378859103,570.170654296875,9775400
1088,2024-11-05,MSFT,404.56977062634746,411.03900230330345,404.2824608535884,407.6310119628906,17626000
1089,2024-11-05,TSLA,247.33999633789062,255.27999877929688,246.2100067138672,251.44000244140625,69282500
1090,2024-11-06,AAPL,221.36417152277414,224.80481443000403,219.95212032394844,221.4735565185547,54561100
1091,2024-11-06,GOOG,174.4720583941824,177.7455792425123,174.16359775834172,177.4371337890625,27061500
1092,2024-11-06,META,560.5288934332871,570.7384379160791,552.9787937592303,569.7921752929688,18305400
1093,2024-11-06,MSFT,408.5821007827268,416.5373737173725,406.6997576825849,416.2698669433594,26681800
1094,2024-11-06,TSLA,284.6700134277344,289.5899963378906,275.6199951171875,288.5299987792969,165228700
1095,2024-11-07,AAPL,223.37288331058951,226.6046949785728,223.31322152292373,226.20692443847656,42137700
1096,2024-11-07,GOOG,178.21322879299478,181.66585633668203,177.99432907915246,181.3673553466797,16730400
1097,2024-11-07,META,574.6131397370345,592.4524256318628,572.9397776720764,589.3646850585938,14653700
1098,2024-11-07,MSFT,417.3596335925896,422.87780730764854,415.97266781837374,421.47100830078125,19901800
1099,2024-11-07,TSLA,288.8900146484375,299.75,285.5199890136719,296.9100036621094,117309200
1100,2024-11-08,AAPL,226.1471868576639,227.63048374280507,225.39061415381417,225.93814086914062,38328800
1101,2024-11-08,GOOG,181.08877287895749,181.43702659206625,178.6709465505944,178.95948791503906,15021500
1102,2024-11-08,META,589.205245296399,590.7590857439004,582.2129936797714,587.0139770507812,9415700
1103,2024-11-08,MSFT,421.3620693729889,422.5310812867246,417.8550033981939,418.6079406738281,16891400
1104,2024-11-08,TSLA,299.1400146484375,328.7099914550781,297.6600036621094,321.2200012207031,204782800
1105,2024-11-11,AAPL,223.98696589218596,224.68381119249955,220.50272420052974,223.22042846679688,42005600
1106,2024-11-11,GOOG,179.1684180742373,181.17332860002983,179.08881680289787,181.05889892578125,12503400
1107,2024-11-11,META,584.0456366766098,584.6831252027152,574.2345387059856,580.8682250976562,10209100
1108,2024-11-11,MSFT,418.58809689323664,420.8567950462537,412.1287816798458,414.1200866699219,24503300
1109,2024-11-11,TSLA,346.29998779296875,358.6400146484375,336.0,350.0,210521600
1110,2024-11-12,AAPL,223.53899499841924,224.5743058460154,222.354350392842,223.22042846679688,40398300
1111,2024-11-12,GOOG,180.47188650536924,183.1036328072383,180.08383973234555,182.4021759033203,14065800
1112,2024-11-12,META,586.2170067032824,597.2931111235839,578.0892410286386,582.51171875,16287700
1113,2024-11-12,MSFT,414.35780617835417,420.49020505907083,413.3175894696666,419.09332275390625,19401200
1114,2024-11-12,TSLA,342.739990234375,345.8399963378906,323.30999755859375,328.489990234375,155726000
1115,2024-11-13,AAPL,223.00142703514817,225.629540269826,221.75705495073464,224.10643005371094,48566200
1116,2024-11-13,GOOG,181.2380268570793,181.70071028871192,179.2181916355029,179.5863494873047,13969700
1117,2024-11-13,META,580.3104381986861,583.3285080451261,572.899801262269,577.7107543945312,10757600
1118,2024-11-13,MSFT,417.71629531230195,425.33470549985367,414.3181914052048,421.2431640625,21502200
1119,2024-11-13,TSLA,335.8500061035156,344.6000061035156,322.5,330.239990234375,125405600
1120,2024-11-14,AAPL,224.0068849307252,227.83954176018094,223.9869707245471,227.19247436523438,44923900
1121,2024-11-14,GOOG,178.850044481498,179.5415721079319,175.1486682156066,176.46206665039062,17925800
1122,2024-11-14,META,574.7226772857438,578.4678469202681,570.7484348770021,574.8820190429688,11053700
1123,2024-11-14,MSFT,421.04505383486753,424.1855678921326,416.0915826132808,422.91748046875,30246900
1124,2024-11-14,TSLA,327.69000244140625,329.9800109863281,310.3699951171875,311.17999267578125,120726100
1125,2024-11-15,AAPL,225.38064426033654,225.89830725108274,223.26024476090137,223.98695373535156,47923700
1126,2024-11-15,GOOG,174.76058605536969,174.99938986308783,171.88007680322784,173.01934814453125,21708900
1127,2024-11-15,META,568.965368719872,570.3100767540825,549.3232326292208,551.89306640625,17712900
1128,2024-11-15,MSFT,415.91324532993855,418.86549468955633,409.79076244428035,411.1380920410156,28247600
1129,2024-11-15,TSLA,310.57000732421875,324.67999267578125,309.2200012207031,320.7200012207031,114440300
1130,2024-11-18,AAPL,224.2358449505769,228.70563485331775,224.15620331601912,226.99337768554688,44633700
1131,2024-11-18,GOOG,174.07904641414385,176.02426004579834,173.546721379973,175.91481018066406,18662800
1132,2024-11-18,META,554.8413869604221,557.6901449788284,547.9188666753142,552.2118530273438,14327300
1133,2024-11-18,MSFT,411.00928939667125,414.5064386408341,408.26507740364855,411.8910217285156,24727000
1134,2024-11-18,TSLA,340.7300109863281,348.54998779296875,330.010009765625,338.739990234375,126085600
1135,2024-11-19,AAPL,225.95804731142948,229.123737666772,225.63949596937007,227.252197265625,36211800
1136,2024-11-19,GOOG,174.3576310893563,179.26792001994184,174.2392236211427,178.68087768554688,15392900
1137,2024-11-19,META,549.681816342146,559.2140512350836,548.4267797840299,558.8754272460938,9522400
1138,2024-11-19,MSFT,409.2656885605185,414.0507587358417,407.7202079437107,413.90216064453125,18133500
1139,2024-11-19,TSLA,335.760009765625,347.3800048828125,332.75,346.0,88852500
1140,2024-11-20,AAPL,227.0331781982001,228.89475383274825,224.8729502483013,227.9689483642578,35169600
1141,2024-11-20,GOOG,177.93462841007488,178.21322527994758,174.4521523542752,176.442138671875,15729800
1142,2024-11-20,META,560.7081596102355,564.1146441614266,552.012635573936,563.2879638671875,9797300
1143,2024-11-20,MSFT,412.9906674094557,413.4067722571845,406.75919271133495,411.6235046386719,19191700
1144,2024-11-20,TSLA,345.0,346.6000061035156,334.29998779296875,342.0299987792969,66340700
1145,2024-11-21,AAPL,227.8494991340082,229.1237348668511,224.69377351516385,227.49111938476562,42108300
1146,2024-11-21,GOOG,174.5765335052864,174.70090765512782,164.48232325308783,168.3926544189453,38839400
1147,2024-11-21,META,567.272167698836,567.7502537214924,546.8829296056848,560.8675537109375,11154700
1148,2024-11-21,MSFT,416.428073141663,416.70602153771694,407.2855248811401,409.84661865234375,20780200
1149,2024-11-21,TSLA,343.80999755859375,347.989990234375,335.2799987792969,339.6400146484375,58011700
1150,2024-11-22,AAPL,227.03318893672346,229.6812162999479,227.03318893672346,228.8350372314453,38168300
1151,2024-11-22,GOOG,166.32309591322917,167.42255933958018,164.8803585585216,165.73605346679688,24497000
1152,2024-11-22,META,561.325795612175,561.6047197027932,552.4011974206409,556.9332275390625,9164000
1153,2024-11-22,MSFT,408.35760329128635,414.3434454251094,408.04987579157546,413.9463806152344,24814600
1154,2024-11-22,TSLA,341.0899963378906,361.5299987792969,337.70001220703125,352.55999755859375,89140700
1155,2024-11-25,AAPL,230.41789305922475,232.19982717145672,228.70563588373938,231.821533203125,90152800
1156,2024-11-25,GOOG,167.1489180596247,169.60655255064373,166.56186051570637,168.58169555664062,21395700
1157,2024-11-25,META,559.8814479460827,570.3300964942197,554.1940234019514,562.8795776367188,13599800
1158,2024-11-25,MSFT,415.3162958278843,417.99650611752486,411.812146489521,415.7232971191406,27691100
1159,2024-11-25,TSLA,360.1400146484375,361.92999267578125,338.20001220703125,338.5899963378906,95890900
1160,2024-11-26,AAPL,232.27945661483375,234.50937670519198,232.27945661483375,234.0016632080078,45986200
1161,2024-11-26,GOOG,168.6414149979063,170.6363661825947,168.58170264842587,169.7657470703125,14937500
1162,2024-11-26,META,563.7660269968359,575.2206370859942,562.9691967147016,571.2762451171875,10356600
1163,2024-11-26,MSFT,416.5174436728799,425.89825580258685,415.78287220202776,424.8559265136719,23458900
1164,2024-11-26,TSLA,341.0,346.9599914550781,335.6600036621094,338.2300109863281,62295900
1165,2024-11-27,AAPL,233.41433300973634,234.62884134649127,232.75730092131053,233.87225341796875,33498400
1166,2024-11-27,GOOG,169.82542332257182,170.28312685119872,168.82048570810457,169.96473693847656,12433400
1167,2024-11-27,META,572.6209746815437,572.7105854147321,561.8735229474948,566.9534301757812,7200200
1168,2024-11-27,MSFT,421.99701856707253,424.10151982082925,418.92964944636213,419.8925476074219,18332400
1169,2024-11-27,TSLA,341.79998779296875,342.54998779296875,326.5899963378906,332.8900146484375,57896400
1170,2024-11-29,AAPL,233.75280101667178,236.73929396987336,232.91658663539664,236.26145935058594,28481400
1171,2024-11-29,GOOG,169.20852811877984,170.0144701194683,167.90508955644262,169.63638305664062,9250700
1172,2024-11-29,META,566.7542128784901,576.1768970734391,564.6625256899628,572.05322265625,7130500
1173,2024-11-29,MSFT,417.0137828520631,421.76871536801127,414.7405434642979,420.3591003417969,16271900
1174,2024-11-29,TSLA,336.0799865722656,345.45001220703125,334.6499938964844,345.1600036621094,37167600
1175,2024-12-02,AAPL,236.20171450499868,239.70585504150458,236.0922091638524,238.51126098632812,48137100
1176,2024-12-02,GOOG,169.46725170525065,172.73082823660852,169.41749900801094,172.11392211914062,16593400
1177,2024-12-02,META,575.220721827725,592.1536261932165,573.2983464509542,590.490234375,12522400
1178,2024-12-02,MSFT,418.48296929752263,429.8292633670891,418.22486350993177,427.8240661621094,20207200
1179,2024-12-02,TSLA,352.3800048828125,360.0,351.1499938964844,357.0899963378906,77986500
1180,2024-12-03,AAPL,238.73028547870095,241.66700046466846,237.82437898500294,241.5574951171875,38861000
1181,2024-12-03,GOOG,172.25323778062682,173.44724190416832,171.64629125137068,172.15374755859375,15721500
1182,2024-12-03,META,592.651612157578,611.7758444062205,588.9164129212908,611.22802734375,14907200
1183,2024-12-03,MSFT,426.69236269283573,429.30310856781665,424.6077345204632,428.04241943359375,18302000
1184,2024-12-03,TSLA,351.79998779296875,355.69000244140625,348.20001220703125,351.4200134277344,58267200
1185,2024-12-04,AAPL,241.7765092325954,243.01093178619982,240.16380790150487,241.91587829589844,44383900
1186,2024-12-04,GOOG,171.9149335172347,175.54665282783589,171.88508493415299,175.20835876464844,18239800
1187,2024-12-04,META,610.5407120968788,615.3416951929215,602.7116887576115,611.3574829101562,14697000
1188,2024-12-04,MSFT,429.8590208353051,436.45041220115866,429.4619560010729,434.2168884277344,26009400
1189,2024-12-04,TSLA,353.0,358.1000061035156,348.6000061035156,357.92999267578125,50810900
1190,2024-12-05,AAPL,242.8914746561807,243.43898620611924,241.03984843814553,241.94573974609375,40033900
1191,2024-12-05,GOOG,176.43221051980993,176.82025728032713,173.13877010644495,173.43727111816406,16145500
1192,2024-12-05,META,614.6445303223205,617.4534076628545,604.654087469592,606.5266723632812,8081200
1193,2024-12-05,MSFT,434.71321944433936,441.4038541812057,432.9760343176013,439.3787841796875,21697800
1194,2024-12-05,TSLA,359.8699951171875,375.42999267578125,359.5,369.489990234375,81403600
1195,2024-12-06,AAPL,241.81631992920728,243.52857697582414,240.99005511798387,241.7466278076172,36870600
1196,2024-12-06,GOOG,173.00943595688167,175.95362070074273,172.6810863534066,175.6063690185547,13319500
1197,2024-12-06,META,607.6920148593949,627.3043042136323,606.1282648810326,621.30810546875,16935500
1198,2024-12-06,MSFT,439.0611189309198,442.8333105145372,438.5350012201072,440.32183837890625,18821000
1199,2024-12-06,TSLA,377.4200134277344,389.489990234375,370.79998779296875,389.2200012207031,81455800
1200,2024-12-09,AAPL,240.74119161135067,246.12683738886614,240.6615499788263,245.6390380859375,44649200
1201,2024-12-09,GOOG,175.033569343468,177.34954989746097,174.71978848912806,176.4132080078125,19887800
1202,2024-12-09,META,621.4575028893596,623.9277561947446,603.7775583797533,611.1483764648438,11426000
1203,2024-12-09,MSFT,439.35893665859504,445.0469576507044,437.2743084708553,442.7538757324219,19144400
1204,2024-12-09,TSLA,397.6099853515625,404.79998779296875,378.010009765625,389.7900085449219,96359200
1205,2024-12-10,AAPL,245.77840669680953,247.09247084593116,244.23538234840328,246.65444946289062,36914800
1206,2024-12-10,GOOG,183.8193820434649,187.3008236666633,181.96160898980182,185.806640625,34317400
1207,2024-12-10,META,615.1226080382442,623.1209443670939,610.3216243479825,616.8756713867188,10938900
1208,2024-12-10,MSFT,441.1358533918597,446.32753597079886,438.3662754088612,440.0835876464844,18469500
1209,2024-12-10,TSLA,392.67999267578125,409.7300109863281,390.8500061035156,400.989990234375,97563600
1210,2024-12-11,AAPL,246.84357055082145,249.67077984834796,245.1512126229246,245.38018798828125,45205800
1211,2024-12-11,GOOG,185.9759826785147,196.12646874446978,185.53768654697186,195.94717407226562,41664500
1212,2024-12-11,META,620.9096094972598,635.8803166127035,619.0769058574836,630.182861328125,10837200
1213,2024-12-11,MSFT,440.79832040277716,447.05220524938716,440.79832040277716,445.7021484375,19200200
1214,2024-12-11,TSLA,409.70001220703125,424.8800048828125,402.3800048828125,424.7699890136719,104287600
1215,2024-12-12,AAPL,245.77839247075497,247.62006903646127,244.57383373711528,246.8435821533203,32777500
1216,2024-12-12,GOOG,195.53876395662004,195.94219217606218,192.53047107123982,192.87911987304688,25197800
1217,2024-12-12,META,629.007573636922,634.1471812183523,624.7345274454173,628.3003540039062,7474700
1218,2024-12-12,MSFT,445.8212579806136,452.8196506561494,445.8212579806136,446.2679748535156,20834800
1219,2024-12-12,TSLA,424.8399963378906,429.29998779296875,415.0,418.1000061035156,87752200
1220,2024-12-13,AAPL,246.70421556592945,248.16758302178013,245.13132757947596,247.0128173828125,33155300
1221,2024-12-13,GOOG,191.96267672150887,193.58634524081108,190.51828766622816,190.63783264160156,18883200
1222,2024-12-13,META,624.7444306032417,628.5892419845969,614.455245285517,617.9015502929688,8453300
1223,2024-12-13,MSFT,445.15616611270633,448.124261247401,442.3170935669994,443.9947204589844,20177800
1224,2024-12-13,TSLA,420.0,436.29998779296875,415.7099914550781,436.2300109863281,89000200
1225,2024-12-16,AAPL,246.8734431082497,250.24817919808956,246.53496239648825,249.90969848632812,51694800
1226,2024-12-16,GOOG,193.61127430182802,199.86193429821952,193.35725830656568,197.3915557861328,32248600
1227,2024-12-16,META,627.9997182991576,629.1660843597223,616.6355892593001,622.2777709960938,10885600
1228,2024-12-16,MSFT,443.99470839545216,448.8687569516414,442.0192905147007,448.2830810546875,23598800
1229,2024-12-16,TSLA,441.0899963378906,463.19000244140625,436.1499938964844,463.0199890136719,114083800
1230,2024-12-17,AAPL,248.95404406138837,252.68716009783537,248.655391740455,252.33872985839844,51356400
1231,2024-12-17,GOOG,197.76009594579685,202.09323264899297,195.92723514612658,196.35556030273438,24129500
1232,2024-12-17,META,624.2016843799404,630.3822075101276,614.6019503899752,617.4928588867188,12897800
1233,2024-12-17,MSFT,447.7073315660627,451.95598856057325,446.27787404509627,451.1320495605469,22733500
1234,2024-12-17,TSLA,475.8999938964844,483.989990234375,457.510009765625,479.8599853515625,131223000
1235,2024-12-18,AAPL,251.02467749046986,253.13512753347695,246.62457993830327,246.9331817626953,56774100
1236,2024-12-18,GOOG,196.0667007110212,197.9194882921804,188.54597635525514,189.41259765625,27638400
1237,2024-12-18,META,619.0478953096681,625.3878881375024,594.4454838407464,595.312744140625,17075500
1238,2024-12-18,MSFT,448.0151211482652,449.3353686126572,433.8198177452418,434.1871337890625,24444500
1239,2024-12-18,TSLA,466.5,488.5400085449219,427.010009765625,440.1300048828125,149340800
1240,2024-12-19,AAPL,246.3856613682502,250.86540066585474,245.97750369773615,248.66534423828125,60882300
1241,2024-12-19,GOOG,192.53045879108183,193.8453471258527,188.78504554591882,188.96434020996094,26981200
1242,2024-12-19,META,608.4713602309599,609.5978131407581,593.1297214059822,593.6979370117188,14958100
1243,2024-12-19,MSFT,438.38609658906347,439.9346705847199,433.12491959024413,433.8297119140625,22963700
1244,2024-12-19,TSLA,451.8800048828125,456.3599853515625,420.0199890136719,436.1700134277344,118566100
1245,2024-12-20,AAPL,246.9232356335886,253.85190610745477,244.58382522076937,253.34420776367188,147495300
1246,2024-12-20,GOOG,186.28476260696812,193.38213158489262,185.6472451593918,192.21170043945312,45319700
1247,2024-12-20,META,588.723602198965,601.2141840625833,578.1768420780382,583.4103393554688,48989400
1248,2024-12-20,MSFT,429.93845914028344,440.4906238895222,425.49128413888167,433.4029235839844,64263700
1249,2024-12-20,TSLA,425.510009765625,447.0799865722656,417.6400146484375,421.05999755859375,132216200
1250,2024-12-23,AAPL,253.62293295259332,254.49896052911285,252.30886880268173,254.1206817626953,40858800
1251,2024-12-23,GOOG,193.2775442063514,195.72801093509787,190.88685756335263,195.22994995117188,15235900
1252,2024-12-23,META,587.746636194458,599.2005698155671,584.4071908696653,597.9644165039062,10205800
1253,2024-12-23,MSFT,433.54185407205193,434.44519400818086,429.6604823749245,432.0627746582031,19152500
1254,2024-12-23,TSLA,431.0,434.510009765625,415.4100036621094,430.6000061035156,72698100
1255,2024-12-24,AAPL,254.3397007808045,257.04744042152294,254.14058909817473,257.0375061035156,23234700
1256,2024-12-24,GOOG,195.40925307265215,196.90343608914247,194.44102235636947,196.8038330078125,6809800
1257,2024-12-24,META,600.8253211686514,606.0787743995681,597.3961932142544,605.8395385742188,4726100
1258,2024-12-24,MSFT,431.4671320524487,436.38089623186573,431.010509030067,436.11285400390625,7164500
1259,2024-12-24,TSLA,435.8999938964844,462.7799987792969,435.1400146484375,462.2799987792969,59551800
1260,2024-12-26,AAPL,257.02754060124687,258.9289447577566,256.4700643478404,257.8537902832031,27237100
1261,2024-12-26,GOOG,195.9770430636019,197.3915344458099,195.1104066085955,196.3356475830078,7907900
1262,2024-12-26,META,603.5767396891605,604.3941694362019,597.0573191588121,601.4534301757812,6081400
1263,2024-12-26,MSFT,435.86472311645826,437.7111185947039,433.4326819773249,434.9018249511719,8194200
1264,2024-12-26,TSLA,465.1600036621094,465.3299865722656,451.0199890136719,454.1300048828125,76366400
1265,2024-12-27,AAPL,256.66914450564,257.53525297634997,251.92063167469624,254.43923950195312,42355300
1266,2024-12-27,GOOG,195.70809046620545,196.03681255000853,191.2275326178882,193.28750610351562,14693000
1267,2024-12-27,META,597.5257325712804,599.958064884052,587.9459561336816,597.9244995117188,8084200
1268,2024-12-27,MSFT,431.4175228637617,432.0329778888151,423.2279358558446,427.3773193359375,18117700
1269,2024-12-27,TSLA,449.5199890136719,450.0,426.5,431.6600036621094,82666800
1270,2024-12-30,AAPL,251.09437787562297,252.35866419404098,249.62104554893796,251.06451416015625,35557500
1271,2024-12-30,GOOG,190.12484454267624,193.02853369164805,189.62179803297198,191.94276428222656,12209500
1272,2024-12-30,META,586.8992458198082,595.0635027304218,583.739227850836,589.3814086914062,7025900
1273,2024-12-30,MSFT,422.9400590771193,424.41913845880714,418.8105181563676,421.71905517578125,13158700
1274,2024-12-30,TSLA,419.3999938964844,427.0,415.75,417.4100036621094,64941000
1275,2024-12-31,AAPL,251.30342042234355,252.1396347735265,248.30696287880588,249.29251098632812,39480700
1276,2024-12-31,GOOG,191.6987065345426,192.50057745269567,188.84481151855695,189.70147705078125,14355200
1277,2024-12-31,META,590.4083164544484,592.102924110321,582.0147395278991,583.6695556640625,6019500
1278,2024-12-31,MSFT,422.97977346202197,423.6051649635355,417.5796069111211,418.4134521484375,13246500
1279,2024-12-31,TSLA,423.7900085449219,427.92999267578125,402.5400085449219,403.8399963378906,76825100
1280,2025-01-02,AAPL,247.80922035937212,247.97846832553566,240.73124671787497,242.75210571289062,55740700
1281,2025-01-02,GOOG,190.7424271483995,192.45077277859082,187.97819460041782,189.8907470703125,17545200
1282,2025-01-02,META,587.8662892601321,603.0085445892757,585.9722980833435,597.3563842773438,12682300
1283,2025-01-02,MSFT,422.4139505741353,422.9500047735069,411.81216477472935,415.51483154296875,16896500
1284,2025-01-02,TSLA,390.1000061035156,392.7300109863281,373.0400085449219,379.2799987792969,109710700
1285,2025-01-03,AAPL,242.26429748535156,243.08059762167903,240.80091479245596,242.26429748535156,40244100
1286,2025-01-03,GOOG,191.9776295221275,193.74574009352003,190.60796169370286,192.3810577392578,12875000
1287,2025-01-03,META,602.8590273821567,607.5841180897974,594.5352379868413,602.7294311523438,11436800
1288,2025-01-03,MSFT,417.99648140871864,420.9248911217749,416.46778040795056,420.2498779296875,16662900
1289,2025-01-03,TSLA,381.4800109863281,411.8800048828125,379.45001220703125,410.44000244140625,95423300
1290,2025-01-06,AAPL,243.21003106356198,246.21643825220417,242.10502805254345,243.8969268798828,45045600
1291,2025-01-06,GOOG,194.3932061333201,198.78610788965761,194.3035587994232,197.19232177734375,19483300
1292,2025-01-06,META,609.906744646259,629.0064888916852,603.7162437232414,628.218994140625,14560800
1293,2025-01-06,MSFT,424.8658449852562,431.1395722098291,422.36430932720185,424.7169494628906,20573600
1294,2025-01-06,TSLA,423.20001220703125,426.42999267578125,401.70001220703125,411.04998779296875,85516500
1295,2025-01-07,AAPL,241.88599852058522,244.44443460073458,240.263347789176,241.11947631835938,40856000
1296,2025-01-07,GOOG,197.501122029833,201.35610947838407,195.18015584206566,195.94717407226562,16966800
1297,2025-01-07,META,629.7142790484268,630.112985152474,606.3180247667793,615.9476928710938,12071500
1298,2025-01-07,MSFT,425.85852385294453,427.49643519355806,417.7185585987197,419.2770690917969,18139100
1299,2025-01-07,TSLA,405.8299865722656,414.3299865722656,390.0,394.3599853515625,75699500
1300,2025-01-08,AAPL,240.83076714912374,242.61271628247306,238.96919157849698,241.6072540283203,37628900
1301,2025-01-08,GOOG,193.1978451732744,196.87353752481414,192.99862382731104,194.63226318359375,14335300
1302,2025-01-08,META,611.4718611566152,614.5022833089956,600.895166417742,608.8002319335938,10085800
1303,2025-01-08,MSFT,420.3590683350305,423.8433749158129,418.4531451224049,421.4510192871094,15054600
1304,2025-01-08,TSLA,392.95001220703125,402.5,387.3999938964844,394.94000244140625,73038800
1305,2025-01-10,AAPL,238.9293760168756,239.0787097724967,231.95094323601768,235.7836151123047,61710900
1306,2025-01-10,GOOG,194.66217309499478,196.85363860906642,190.85699469140422,192.4208984375,20753800
1307,2025-01-10,META,608.112381815468,627.9298324702991,595.4622707729309,613.9240112304688,19256600
1308,2025-01-10,MSFT,421.52050962504774,421.59991046888086,411.98086631184646,415.8821105957031,20201100
1309,2025-01-10,TSLA,391.3999938964844,399.2799987792969,377.2900085449219,394.739990234375,62287300
1310,2025-01-13,AAPL,232.47855694506205,233.61342361918983,228.68571346021633,233.34463500976562,49630700
1311,2025-01-13,GOOG,190.60795433486177,191.74353282805677,187.92838367294684,191.54429626464844,13169100
1312,2025-01-13,META,605.1916106669787,607.0557276203978,596.5688376806378,606.4177856445312,10785000
1313,2025-01-13,MSFT,412.19927707865725,415.4354144937977,409.2708974707551,414.135009765625,17604800
1314,2025-01-13,TSLA,383.2099914550781,403.7900085449219,380.07000732421875,403.30999755859375,67580500
1315,2025-01-14,AAPL,233.69305795736565,235.05688478727922,231.4233246799516,232.22967529296875,39435300
1316,2025-01-14,GOOG,191.75350179419556,192.52052005726506,188.90459201669714,190.3091278076172,13651200
1317,2025-01-14,META,603.1679523273406,603.5866150091213,586.6998639533412,592.3819580078125,13598000
1318,2025-01-14,MSFT,414.7504731982745,416.6663329915462,407.7123952362894,412.62615966796875,16935900
1319,2025-01-14,TSLA,414.3399963378906,422.6400146484375,394.5400085449219,396.3599853515625,84565000
1320,2025-01-15,AAPL,233.5835582088168,237.88411516800545,233.3744970274307,236.79901123046875,39832000
1321,2025-01-15,GOOG,193.59631966617226,197.03293757748568,192.58027095513168,196.2161102294922,12894900
1322,2025-01-15,META,608.2919230470484,620.5034171048438,604.5935629430987,615.18017578125,15524300
1323,2025-01-15,MSFT,416.06078709453215,425.0147242617403,415.2070689754285,423.1882019042969,19637800
1324,2025-01-15,TSLA,409.8999938964844,429.79998779296875,405.6600036621094,428.2200012207031,81375500
1325,2025-01-16,AAPL,236.28135372007077,236.93837057014855,227.00330909981085,227.23226928710938,71759100
1326,2025-01-16,GOOG,195.06557272917394,196.21609233543538,193.54649287490568,193.65606689453125,13449600
1327,2025-01-16,META,609.5778014543201,614.3128702309481,607.7934500715568,609.37841796875,8355300
1328,2025-01-16,MSFT,425.56071106349873,426.34490420898106,421.2822749228641,421.4708557128906,15300000
1329,2025-01-16,TSLA,423.489990234375,424.0,409.1300048828125,413.82000732421875,68335200
1330,2025-01-17,AAPL,231.0749139636463,231.24414674448963,227.4513030577177,228.94454956054688,68488300
1331,2025-01-17,GOOG,197.28196603154788,198.03901328310783,194.55258626735076,196.78390502929688,22109100
1332,2025-01-17,META,622.0883835023329,623.0054745889828,601.7724400021073,610.8438720703125,17280600
1333,2025-01-17,MSFT,430.91124996405387,431.29840862027794,425.0346177976779,425.8883056640625,26197500
1334,2025-01-17,TSLA,421.5,439.739990234375,419.75,426.5,94991400
1335,2025-01-21,AAPL,222.9914505136237,223.40955766052627,218.39225670760806,221.6375732421875,98070400
1336,2025-01-21,GOOG,199.73241196420346,203.04949996870735,198.66656935353225,198.8558349609375,19005200
1337,2025-01-21,META,615.8879054164239,619.5463519549992,607.0956232572347,614.522216796875,11674000
1338,2025-01-21,MSFT,427.0497766230712,427.7446325404098,422.48345509069117,425.3622131347656,26085700
1339,2025-01-21,TSLA,432.6400146484375,433.20001220703125,406.30999755859375,424.07000732421875,87320900
1340,2025-01-22,AAPL,218.80040121474653,223.11090745632038,218.80040121474653,222.8222198486328,64126500
1341,2025-01-22,GOOG,199.77227542933375,201.3361791069415,198.4275046138818,199.25428771972656,15477400
1342,2025-01-22,META,621.3407166057895,631.7080497498704,617.482886369199,621.5401000976562,12274000
1343,2025-01-22,MSFT,434.3558409675422,443.9947282693763,432.8072669314077,442.9325866699219,27803800
1344,2025-01-22,TSLA,416.80999755859375,428.0,414.5899963378906,415.1099853515625,60963300
1345,2025-01-23,AAPL,223.72815445577547,226.0078374632505,221.29913768199057,222.65301513671875,60234800
1346,2025-01-23,GOOG,199.20448828233938,201.15689423697205,196.05675407736828,198.80604553222656,15170800
1347,2025-01-23,META,625.3878883324852,634.5988327915112,619.197448317166,634.4493408203125,9910200
1348,2025-01-23,MSFT,438.76331124507635,443.4785278251988,438.266972657695,443.4388122558594,18389300
1349,2025-01-23,TSLA,416.05999755859375,420.7300109863281,408.95001220703125,412.3800048828125,50690600
1350,2025-01-24,AAPL,223.76794215782238,224.614121166801,220.4131202139208,221.77694702148438,54697900
1351,2025-01-24,GOOG,199.0749968784714,201.78445005827487,199.00924333890612,201.11703491210938,12732400
1352,2025-01-24,META,634.3995455880619,649.9504837452617,632.2064489650473,645.4546508789062,19065300
1353,2025-01-24,MSFT,441.9002090925553,443.37928850377745,438.16773293128523,440.8082580566406,15549500
1354,2025-01-24,TSLA,414.45001220703125,418.8800048828125,405.7799987792969,406.5799865722656,56427100
1355,2025-01-27,AAPL,223.01137104866308,231.10475600574816,222.9715426392062,228.8250732421875,94863400
1356,2025-01-27,GOOG,193.43695466666185,197.8995774565055,191.95272725324895,193.01858520507812,24970200
1357,2025-01-27,META,624.6402872001196,661.7831731182577,623.1350240288891,657.8057250976562,28399200
1358,2025-01-27,MSFT,420.90507512895306,432.01313557520695,420.39880005578783,431.3778076171875,35647800
1359,2025-01-27,TSLA,394.79998779296875,406.69000244140625,389.0,397.1499938964844,58125500
1360,2025-01-28,AAPL,229.81063008981926,239.1085741517517,229.77080167884077,237.187255859375,75707600
1361,2025-01-28,GOOG,193.89514224561265,196.46513884315854,191.86306004269633,196.30577087402344,15939200
1362,2025-01-28,META,663.9065549274304,680.4344558685057,657.3970515429507,672.2103881835938,20950100
1363,2025-01-28,MSFT,431.4175234893937,445.0966142937209,428.2211016468738,443.9252624511719,23491700
1364,2025-01-28,TSLA,396.9100036621094,400.5899963378906,386.5,398.0899963378906,48910700
1365,2025-01-29,AAPL,233.06590496072297,238.78006694024197,232.95639961161774,238.28231811523438,45486100
1366,2025-01-29,GOOG,196.6046098652269,197.6903944830283,194.43307102885743,196.41534423828125,12287800
1367,2025-01-29,META,672.878157860452,678.9091276992832,663.577469397903,674.3634643554688,21377800
1368,2025-01-29,MSFT,443.41896958220315,443.607580668921,437.1750216711049,439.09088134765625,23581400
1369,2025-01-29,TSLA,395.2099914550781,398.5899963378906,384.4800109863281,389.1000061035156,68033600
1370,2025-01-30,AAPL,237.59540286874542,239.70585285329432,236.14198492507634,236.520263671875,55658300
1371,2025-01-30,GOOG,198.98532725904212,202.44985164814932,198.6984497136015,201.84420776367188,14571500
1372,2025-01-30,META,694.6295927845299,708.5556496697027,673.9746933017885,684.8404541015625,29322900
1373,2025-01-30,MSFT,415.7034295288443,419.7634757332681,410.1345248522129,411.95111083984375,54586300
1374,2025-01-30,TSLA,410.7799987792969,412.5,384.4100036621094,400.2799987792969,98092900
1375,2025-01-31,AAPL,246.07705979363328,246.07705979363328,232.38896748106293,234.93743896484375,100959800
1376,2025-01-31,GOOG,202.92500402601587,206.2769602664651,202.79053301830598,204.80270385742188,17060300
1377,2025-01-31,META,688.8279583138682,703.0829965126293,683.4250122037394,687.013671875,19303900
1378,2025-01-31,MSFT,415.911907348454,417.60937689111034,411.87170384291437,412.0205993652344,34161900
1379,2025-01-31,TSLA,401.5299987792969,419.989990234375,401.3399963378906,404.6000061035156,83283600
1380,2025-02-03,AAPL,228.9545099800506,230.78622201033428,224.68381655532258,226.98341369628906,73063300
1381,2025-02-03,GOOG,201.43080161465778,204.42415301471644,200.87796121410668,201.85415649414062,16719500
1382,2025-02-03,META,673.7852712039112,701.786997935187,673.1273726643963,695.267578125,21415700
1383,2025-02-03,MSFT,408.5859935358612,412.368091725276,405.6675197732108,407.9109802246094,25679100
1384,2025-02-03,TSLA,386.67999267578125,389.1700134277344,374.3599853515625,383.67999267578125,93732100
1385,2025-02-04,AAPL,226.2268315478868,232.08036234711574,225.62952690670866,231.75184631347656,45067300
1386,2025-02-04,GOOG,203.7069521409136,207.89066156549822,203.4678773853658,206.90451049804688,28285400
1387,2025-02-04,META,700.291750368734,705.4853950757674,689.435967564897,701.9764404296875,13826300
1388,2025-02-04,MSFT,409.6679752687522,410.8889791877868,406.739565274027,409.3503112792969,20532100
1389,2025-02-04,TSLA,382.6300048828125,394.0,381.3999938964844,392.2099914550781,57072200
1390,2025-02-05,AAPL,227.50106167329415,231.62242106375825,227.24223776986636,231.42332458496094,39620300
1391,2025-02-05,GOOG,192.35116316256466,193.79553701425183,189.17353156908362,192.55038452148438,43666400
1392,2025-02-05,META,701.338438880343,715.8826032404849,696.8127318836921,702.654296875,17778200
1393,2025-02-05,MSFT,409.33046130378085,410.7996042139957,407.39472859021873,410.2635803222656,16316700
1394,2025-02-05,TSLA,387.510009765625,388.3900146484375,375.5299987792969,378.1700134277344,57223300
1395,2025-02-06,AAPL,230.24863411824003,232.74734282564026,229.39250557129796,232.16995239257812,29925300
1396,2025-02-06,GOOG,190.24935328906002,193.07833622579454,189.7512922706371,192.5603485107422,20816600
1397,2025-02-06,META,703.6611131134636,716.6402049884904,701.2885896343017,709.7518920898438,13080700
1398,2025-02-06,MSFT,410.9683447102107,415.1376009046221,410.9683447102107,412.7750244140625,16309800
1399,2025-02-06,TSLA,373.0299987792969,375.3999938964844,363.17999267578125,374.32000732421875,77918200
1400,2025-02-07,AAPL,231.5527419594936,232.94643248808816,226.23677336593994,226.60511779785156,39707200
1401,2025-02-07,GOOG,191.9925655719954,192.26649305045316,184.3821938692764,186.41427612304688,29565700
1402,2025-02-07,META,714.5467269625192,722.7309407303161,709.5126138066624,712.27392578125,16427100
1403,2025-02-07,MSFT,413.4302096384315,415.58430218979566,405.1115698860282,406.7494812011719,22886800
1404,2025-02-07,TSLA,370.19000244140625,380.54998779296875,360.3399963378906,361.6199951171875,70298300
1405,2025-02-10,AAPL,228.7876615470872,229.80417456619486,226.42572786906877,226.8741912841797,33115600
1406,2025-02-10,GOOG,188.32681932034947,189.25322066659953,186.88244548763515,187.47015380859375,16606000
1407,2025-02-10,META,716.3012242622654,718.932940098342,709.0939710353202,715.1448974609375,12904300
1408,2025-02-10,MSFT,410.6804954197058,412.41768060214906,407.91094771202364,409.201416015625,20817900
1409,2025-02-10,TSLA,356.2099914550781,362.70001220703125,350.510009765625,350.7300109863281,77514900
1410,2025-02-11,AAPL,227.4223198813819,234.42836130351915,227.35256634016287,231.82725524902344,53718400
1411,2025-02-11,GOOG,186.11048466630118,188.06786100194904,185.3584075950013,186.34457397460938,13028100
1412,2025-02-11,META,711.077742352479,721.3852053088176,707.8080235680292,717.537353515625,12998000
1413,2025-02-11,MSFT,406.64031711794166,409.4694230026259,406.30278019920314,408.4271240234375,18140600
1414,2025-02-11,TSLA,345.79998779296875,349.3699951171875,325.1000061035156,328.5,118543400
1415,2025-02-12,AAPL,230.41209906543347,236.15247950770552,229.89386689621963,236.06277465820312,45243300
1416,2025-02-12,GOOG,184.51168560959832,186.10548699141967,182.91789942739342,184.71090698242188,17632300
1417,2025-02-12,META,713.0515218383842,724.8144176821432,710.3599968194253,723.099853515625,12016500
1418,2025-02-12,MSFT,404.22806155020925,407.7421472112012,401.40886202523427,406.044677734375,19121700
1419,2025-02-12,TSLA,329.94000244140625,346.3999938964844,329.1199951171875,336.510009765625,105382700
1420,2025-02-13,AAPL,236.10264318513748,241.514131106333,234.7672133917818,240.70689392089844,53614100
1421,2025-02-13,GOOG,185.2089477338026,187.2609717280751,184.16303184110322,187.15139770507812,12729300
1422,2025-02-13,META,719.2519879198333,726.7084557601091,715.7828856053137,726.2698364257812,12569100
1423,2025-02-13,MSFT,404.0196057632089,407.99031441935836,403.38427783705555,407.53369140625,23891700
1424,2025-02-13,TSLA,345.0,358.69000244140625,342.8500061035156,355.94000244140625,89441500
1425,2025-02-14,AAPL,240.4278440984732,244.71319316935814,240.1687356269457,243.7664337158203,40896200
1426,2025-02-14,GOOG,186.10547125689223,187.4203443660532,185.38826221567163,186.1453094482422,12714200
1427,2025-02-14,META,723.85738092295,738.5809097984375,723.3389960821124,734.354248046875,16901200
1428,2025-02-14,MSFT,404.80385028408716,405.91564391864586,402.9078331667541,405.43914794921875,22758500
1429,2025-02-14,TSLA,360.6199951171875,362.0,347.5,355.8399963378906,68277300
1430,2025-02-18,AAPL,243.31796980618805,244.34445851454996,241.01584434943877,243.6368865966797,48822500
1431,2025-02-18,GOOG,186.7131072201513,187.0517850469982,182.868075751718,185.0794677734375,19796000
1432,2025-02-18,META,733.6864641630071,734.6833207719243,704.2193852371487,714.1181640625,21938700
1433,2025-02-18,MSFT,405.01228421128855,407.59325090478893,403.52326846051176,406.6402893066406,21423100
1434,2025-02-18,TSLA,355.010009765625,359.1000061035156,350.0199890136719,354.1099853515625,51631700
1435,2025-02-19,AAPL,243.8262313730556,245.17162160901916,242.33134319523683,244.03550720214844,32204200
1436,2025-02-19,GOOG,185.4629695610536,186.63341593471333,184.7806284324732,186.40431213378906,13120500
1437,2025-02-19,META,701.886658105386,704.7775663783432,693.2040766728801,701.5577392578125,17535500
1438,2025-02-19,MSFT,404.89319663470326,412.44745587382107,404.66486996411237,411.73272705078125,24114200
1439,2025-02-19,TSLA,354.0,367.3399963378906,353.6700134277344,360.55999755859375,67094400
1440,2025-02-20,AAPL,244.10528213544586,245.93900803040836,243.45748811790233,244.99224853515625,32316900
1441,2025-02-20,GOOG,185.77675751385402,186.3943483049828,183.88413174771472,185.9162139892578,12063800
1442,2025-02-20,META,695.0880938877766,703.4118208987041,691.4595218114225,692.65576171875,12587400
1443,2025-02-20,MSFT,413.0755545581438,417.07410775463984,410.3402184035009,413.91107177734375,23508700
1444,2025-02-20,TSLA,361.510009765625,362.29998779296875,348.0,354.3999938964844,45965400
1445,2025-02-21,AAPL,245.1118418459535,247.8425098737267,244.3843338177488,244.7132110595703,53197400
1446,2025-02-21,GOOG,186.56368748782089,186.74299735623012,180.42758736179914,180.87583923339844,19520800
1447,2025-02-21,META,694.3903766528952,701.6574392501641,680.2150443830811,681.4013061523438,15660400
1448,2025-02-21,MSFT,415.11458446579724,415.8207899827264,405.71499358869687,406.03326416015625,27524800
1449,2025-02-21,TSLA,353.44000244140625,354.9800109863281,334.4200134277344,337.79998779296875,74058600
1450,2025-02-24,AAPL,244.0953010258401,248.01191597096326,243.58704451830639,246.25791931152344,51326400
1451,2025-02-24,GOOG,183.08722953293318,184.37222024540685,180.1785550709263,180.4873504638672,18734000
1452,2025-02-24,META,684.122756243814,685.1096345134455,660.3676471383606,666.02978515625,15677000
1453,2025-02-24,MSFT,406.3316944915949,407.1870941067446,397.1906962904959,401.8457336425781,26443700
1454,2025-02-24,TSLA,338.1400146484375,342.3999938964844,324.70001220703125,330.5299987792969,76052300
1455,2025-02-25,AAPL,247.1548399621421,249.14802415538517,244.07537403321078,246.19810485839844,48013300
1456,2025-02-25,GOOG,179.45637842094075,180.05902804465345,176.08451053335727,176.6821746826172,20832500
1457,2025-02-25,META,663.8765739042495,665.9002220472909,639.8423754025094,655.4332275390625,20579700
1458,2025-02-25,MSFT,398.9611771958944,399.7768119064437,394.5846458623518,395.7782287597656,29387400
1459,2025-02-25,TSLA,327.0199890136719,328.8900146484375,297.25,302.79998779296875,134228800
1460,2025-02-26,AAPL,243.49736566903925,244.14514449402503,238.3150894487839,239.5408935546875,44433600
1461,2025-02-26,GOOG,176.25881089274952,177.38940386719918,172.91681070904968,174.0225067138672,23637200
1462,2025-02-26,META,657.576512679624,680.8630693918321,655.9316748718801,671.5823364257812,14488700
1463,2025-02-26,MSFT,395.8876811696496,401.4478696916858,392.1477210913464,397.5985107421875,19619000
1464,2025-02-26,TSLA,303.7099914550781,309.0,288.0400085449219,290.79998779296875,100118300
1465,2025-02-27,AAPL,238.5941277716784,241.6337368385667,236.25213016109495,236.49131774902344,41153600
1466,2025-02-27,GOOG,175.25770137508286,175.90517457404238,169.09369511454358,169.5499267578125,25930500
1467,2025-02-27,META,680.3048193549045,686.4853426299528,655.5030215314821,656.1708984375,12500000
1468,2025-02-27,MSFT,399.13030635306495,403.5764722898777,390.0788543559985,390.4369201660156,21127400
1469,2025-02-27,TSLA,291.1600036621094,297.2300109863281,280.8800048828125,281.95001220703125,101748200
1470,2025-02-28,AAPL,236.14250368420718,241.26498665715278,229.41550676334808,241.01583862304688,56833400
1471,2025-02-28,GOOG,169.6395716969422,171.8310369544088,167.73697511811918,171.5521240234375,30049800
1472,2025-02-28,META,655.9715119869538,667.5251070483702,640.5800432544102,666.099609375,17534200
1473,2025-02-28,MSFT,390.5662102627109,395.50970978817173,384.50868780557136,394.87310791015625,32845700
1474,2025-02-28,TSLA,279.5,293.8800048828125,273.6000061035156,292.9800109863281,115697000
1475,2025-03-03,AAPL,240.96599177281342,243.1983635012748,235.3053560708129,237.21881103515625,47184000
1476,2025-03-03,GOOG,173.05628188737933,174.3213611642928,166.9899021667699,168.00595092773438,24122000
1477,2025-03-03,META,671.5623491469186,679.1085609343871,648.7941784019307,652.9909057617188,10843800
1478,2025-03-03,MSFT,396.693360360252,396.693360360252,384.1008642400347,386.4184265136719,23007700
1479,2025-03-03,TSLA,300.3399963378906,303.94000244140625,277.29998779296875,284.6499938964844,115551400
1480,2025-03-04,AAPL,236.89992456399492,239.25188262538288,233.88023638606123,235.1259765625,53798100
1481,2025-03-04,GOOG,167.2887250456122,174.48569711486192,166.89026714029205,171.94061279296875,30711400
1482,2025-03-04,META,643.4809097831836,647.7075720071792,621.6896392388619,637.9882202148438,21495200
1483,2025-03-04,MSFT,381.3555708063787,390.48661254503907,378.9683745181786,386.53778076171875,29342900
1484,2025-03-04,TSLA,270.92999267578125,284.3500061035156,261.8399963378906,272.0400085449219,126706600
1485,2025-03-05,AAPL,234.61771347352882,235.7438674276595,228.44880585950324,234.93663024902344,47227600
1486,2025-03-05,GOOG,171.65175734257568,175.0684486462283,170.26713311442498,174.3114013671875,18848000
1487,2025-03-05,META,638.985090470047,657.426937854908,635.6555626035664,654.4064331054688,13770000
1488,2025-03-05,MSFT,387.2639110911412,399.52818059067016,386.73673843465946,398.8816223144531,23433100
1489,2025-03-05,TSLA,272.9200134277344,279.54998779296875,267.7099914550781,279.1000061035156,94042900
1490,2025-03-06,AAPL,233.64104879709757,237.0493918731741,232.36541215599715,234.52801513671875,45170400
1491,2025-03-06,GOOG,171.88085762667328,176.04464037532372,171.83901308441207,173.534423828125,19082400
1492,2025-03-06,META,645.963033649381,648.5149839411777,622.1481164638366,625.9561157226562,13446500
1493,2025-03-06,MSFT,392.17758313531544,400.00561314926756,390.586108729763,394.773681640625,23304600
1494,2025-03-06,TSLA,272.05999755859375,272.6499938964844,260.0199890136719,263.45001220703125,98451600
1495,2025-03-07,AAPL,234.3087681523361,240.54742919495166,233.95995483623878,238.25527954101562,46273600
1496,2025-03-07,GOOG,172.57018119468756,176.21398520957717,171.58202373998432,175.06845092773438,16395300
1497,2025-03-07,META,623.4041708110899,632.7945424007281,598.7219930959255,623.6932373046875,21375700
1498,2025-03-07,MSFT,390.2280267594304,392.6947831487431,383.4841811851977,391.2127380371094,22034100
1499,2025-03-07,TSLA,259.32000732421875,266.25,250.72999572753906,262.6700134277344,102369600
1500,2025-03-10,AAPL,234.73730306532093,235.35520052510583,223.45588808739058,226.70477294921875,72071200
1501,2025-03-10,GOOG,169.69321463380882,169.98241239995258,165.11081858534763,167.3496551513672,28990700
1502,2025-03-10,META,606.1586224627868,608.1921880983464,585.0252495931782,596.1102905273438,21999900
1503,2025-03-10,MSFT,383.7825787420743,384.3395902213564,375.20854809150063,378.13287353515625,32840100
1504,2025-03-10,TSLA,252.5399932861328,253.3699951171875,220.0,222.14999389648438,189076900
1505,2025-03-11,AAPL,223.04728218644934,225.0703629938446,216.7089556312574,220.08740234375,76137400
1506,2025-03-11,GOOG,166.2227654766119,168.19235385425318,162.79221467372713,165.52468872070312,23705900
1507,2025-03-11,META,593.1795048947525,612.9970188777876,591.4649407555324,603.8060302734375,17401500
1508,2025-03-11,MSFT,376.9790454259089,383.9417190881288,374.900193646485,378.42132568359375,30380200
1509,2025-03-11,TSLA,225.30999755859375,237.05999755859375,217.02000427246094,230.5800018310547,174896400
1510,2025-03-12,AAPL,219.38980505207962,220.99431909322652,214.17763213362198,216.24057006835938,62547500
1511,2025-03-12,GOOG,168.00787776905614,169.06496768992824,165.02607404266914,168.5364227294922,19880100
1512,2025-03-12,META,627.9200120605409,631.3392229811113,607.4345597540354,617.6124877929688,15747000
1513,2025-03-12,MSFT,380.9080172396425,383.1659020465141,376.92934634163805,381.2262878417969,24253600
1514,2025-03-12,TSLA,247.22000122070312,251.83999633789062,241.10000610351562,248.08999633789062,142215700
1515,2025-03-13,AAPL,215.2140760046737,216.1010424274323,207.7097381833997,208.96543884277344,61368300
1516,2025-03-13,GOOG,167.5192068154746,167.65882217030887,163.6199439708421,164.2781219482422,15206200
1517,2025-03-13,META,618.300295022882,618.549509168397,584.666363679096,588.7833862304688,16480300
1518,2025-03-13,MSFT,381.1168495701804,383.2653352756173,375.43730594967485,376.750244140625,20473000
1519,2025-03-13,TSLA,248.1300048828125,248.2899932861328,232.60000610351562,240.67999267578125,114813500
1520,2025-03-14,AAPL,210.53009451028822,213.22089031000854,208.86578742228792,212.76246643066406,60107600
1521,2025-03-14,GOOG,164.86151705390753,167.78846344663302,164.05871738434496,167.16018676757812,18611100
1522,2025-03-14,META,601.43972556622,607.4860482974414,593.4378646925935,606.2288818359375,12364500
1523,2025-03-14,MSFT,377.7548866940246,388.1491759928466,377.48633735073093,386.4880676269531,19952800
1524,2025-03-14,TSLA,247.30999755859375,251.5800018310547,240.72999572753906,249.97999572753906,100242300
1525,2025-03-17,AAPL,212.58307041465437,214.48656508270392,209.25445626243933,213.27072143554688,48073400
1526,2025-03-17,GOOG,166.86600146939315,167.99789774713304,165.3551579314285,166.1130828857422,17839100
1527,2025-03-17,META,606.0892549627374,611.7164817099355,596.6505800508986,603.5350341796875,15473900
1528,2025-03-17,MSFT,384.6379840789578,390.61591588488574,383.5140048019888,386.6273193359375,22474300
1529,2025-03-17,TSLA,245.05999755859375,245.39999389648438,232.8000030517578,238.00999450683594,111900600
1530,2025-03-18,AAPL,213.43018643369246,214.4168029665515,210.76928711901598,211.96519470214844,42432400
1531,2025-03-18,GOOG,165.504769270585,165.9834483433943,158.36440589305724,162.22378540039062,24616800
1532,2025-03-18,META,598.695920754158,598.895481615564,573.3632009688982,581.0458374023438,20297700
1533,2025-03-18,MSFT,385.0060028133576,385.30439095730634,379.06783591000334,381.47491455078125,19486900
1534,2025-03-18,TSLA,228.16000366210938,230.10000610351562,222.27999877929688,225.30999755859375,111477600
1535,2025-03-19,AAPL,213.4899719913265,218.01449366985423,213.02157246340184,214.50650024414062,54385400
1536,2025-03-19,GOOG,163.46536491130865,167.67179700457908,162.60274739553324,165.82388305664062,24955700
1537,2025-03-19,META,582.9616006660708,590.9834364727485,573.473050249603,582.7420654296875,20537500
1538,2025-03-19,MSFT,383.47424708645485,387.60211207726394,381.95240668028214,385.7520446777344,19185500
1539,2025-03-19,TSLA,231.61000061035156,241.41000366210938,229.1999969482422,235.86000061035156,111993800
1540,2025-03-20,AAPL,213.2607508466693,216.74882322763474,211.4967785561088,213.37037658691406,48862900
1541,2025-03-20,GOOG,163.37559854857543,166.57180854248293,162.69248004880873,164.5972442626953,19981500
1542,2025-03-20,META,581.4449335433823,608.8230139342973,578.2022676048324,584.6776123046875,24336500
1543,2025-03-20,MSFT,383.68308121761453,389.7008385815923,381.2362073514129,384.7772216796875,18470500
1544,2025-03-20,TSLA,233.35000610351562,238.0,230.0500030517578,236.25999450683594,99028300
1545,2025-03-21,AAPL,210.83902892918795,218.09421843072647,210.55998434888178,217.5261688232422,94127800
1546,2025-03-21,GOOG,162.93182312599697,166.01334302891465,162.58277715435602,165.7939453125,29882100
1547,2025-03-21,META,582.1034753081934,596.1916081624212,579.6390781803701,594.904541015625,25015900
1548,2025-03-21,MSFT,381.1765391094654,389.65109658333733,380.7587653391681,389.1736755371094,39675900
1549,2025-03-21,TSLA,234.99000549316406,249.52000427246094,234.5500030517578,248.7100067138672,132728700
1550,2025-03-24,AAPL,220.24686734420678,220.7252273230714,217.83511614199446,219.977783203125,44299500
1551,2025-03-24,GOOG,168.80069800737297,170.03231095640905,166.98070710650484,169.4638671875,18742800
1552,2025-03-24,META,613.5822418688982,621.1351668672481,610.818534005287,617.4534912109375,15741300
1553,2025-03-24,MSFT,393.29158399443577,393.29158399443577,387.73139545576913,390.98394775390625,21004500
1554,2025-03-24,TSLA,258.0799865722656,278.6400146484375,256.3299865722656,278.3900146484375,169079900
1555,2025-03-25,AAPL,220.0176475207108,223.3363011191594,219.32999652191663,222.98748779296875,34493600
1556,2025-03-25,GOOG,170.71042533673634,172.43569069454404,170.0821638501357,172.31600952148438,13841600
1557,2025-03-25,META,625.3457252697278,632.4496541118687,619.7782994932003,624.896728515625,15312500
1558,2025-03-25,MSFT,391.8195087441688,394.2464699747621,390.54633531859656,393.0528869628906,15775000
1559,2025-03-25,TSLA,283.6000061035156,288.20001220703125,271.2799987792969,288.1400146484375,150361500
1560,2025-03-26,AAPL,222.74828771017502,224.25315146564492,219.71865451354498,220.77503967285156,34466100
1561,2025-03-26,GOOG,170.83011093308616,171.46835474384497,166.40327693916822,166.6815185546875,22498000
1562,2025-03-26,META,623.479902445872,625.3356905979604,605.2411234358802,609.6012573242188,12609800
1563,2025-03-26,MSFT,392.89374127883343,393.2020858372719,386.49803525659746,387.89056396484375,16108400
1564,2025-03-26,TSLA,282.6600036621094,284.8999938964844,266.510009765625,272.05999755859375,153629800
1565,2025-03-27,AAPL,220.63551973925667,224.22325730600966,219.8083464889556,223.08714294433594,37094800
1566,2025-03-27,GOOG,166.25270383611067,166.98069710948675,163.40054850472754,163.62991333007812,21571200
1567,2025-03-27,META,600.6415066398952,612.8638628796605,598.7457698845544,601.22021484375,10436500
1568,2025-03-27,MSFT,388.04970169840396,390.1484359049866,385.33424804034394,388.4972839355469,13766800
1569,2025-03-27,TSLA,272.4800109863281,291.8500061035156,271.82000732421875,273.1300048828125,162572100
1570,2025-03-28,AAPL,220.91456609374504,223.04727255158852,216.93815819229235,217.15740966796875,39818600
1571,2025-03-28,GOOG,161.914617985198,163.36063733153796,154.91288174399585,155.63189697265625,34866500
1572,2025-03-28,META,598.9553576126906,600.3921105915904,572.624893809918,575.4385375976562,17602800
1573,2025-03-28,MSFT,386.01060482786494,387.05502406399853,374.920066699825,376.78009033203125,21632000
1574,2025-03-28,TSLA,275.5799865722656,276.1000061035156,260.57000732421875,263.54998779296875,123809400
1575,2025-03-31,AAPL,216.27045427307317,224.8511131847691,215.49311362240712,221.37301635742188,65299300
1576,2025-03-31,GOOG,154.38533444093966,156.69897769591987,151.79247569514342,155.8014373779297,33591600
1577,2025-03-31,META,562.2284810192266,577.3941949049992,552.0514847999954,575.0594482421875,21124700
1578,2025-03-31,MSFT,370.5534967757106,375.0593400396717,365.28173999012597,373.3883056640625,35184700
1579,2025-03-31,TSLA,249.30999755859375,260.55999755859375,243.36000061035156,259.1600036621094,134008900
1580,2025-04-01,AAPL,219.06091135294477,222.91771798921508,218.15400887457568,222.4293975830078,36412700
1581,2025-04-01,GOOG,154.87400177182084,159.64088860290096,154.82912703672736,158.44418334960938,20111400
1582,2025-04-01,META,569.5518496754252,588.5787620697387,568.713718453365,584.6776123046875,12836600
1583,2025-04-01,MSFT,372.65223585591366,380.80852287787553,371.2398247656492,380.15203857421875,19689500
1584,2025-04-01,TSLA,263.79998779296875,277.45001220703125,259.25,268.4599914550781,146486900
1585,2025-04-02,AAPL,220.56578026164416,224.4225869866718,220.2667995775576,223.12701416015625,35905900
1586,2025-04-02,GOOG,156.5294429126843,159.83533661020232,156.10061455152714,158.42422485351562,17113300
1587,2025-04-02,META,573.612639602056,591.3225852084037,572.0661494891557,582.6123046875,13470800
1588,2025-04-02,MSFT,375.95454781806535,383.0266205201498,374.6117403662579,380.1023254394531,16092600
1589,2025-04-02,TSLA,254.60000610351562,284.989990234375,251.27000427246094,282.760009765625,212787800
1590,2025-04-03,AAPL,204.83955642508238,206.7829234026015,200.56418252947898,202.49757385253906,103419000
1591,2025-04-03,GOOG,152.41575845146545,154.2626679250501,151.7625412104826,152.21131896972656,28416100
1592,2025-04-03,META,544.9873786131755,551.3130986556911,529.1033205063213,530.4203491210938,34777500
1593,2025-04-03,MSFT,372.79148704012755,375.4671453752222,367.38049274092737,371.12042236328125,30198000
1594,2025-04-03,TSLA,265.2900085449219,276.29998779296875,261.510009765625,267.2799987792969,136174300
1595,2025-04-04,AAPL,193.2292544699453,199.19884701911502,186.70157274086588,187.738037109375,125910900
1596,2025-04-04,GOOG,149.488795280342,152.67004705701973,147.13526851271615,147.33473205566406,39832200
1597,2025-04-04,META,505.4767837476822,516.8311091249631,493.0848271014097,503.591064453125,38589800
1598,2025-04-04,MSFT,362.1883672134991,372.5925832225619,357.5631683165765,357.9212341308594,49209900
1599,2025-04-04,TSLA,255.3800048828125,261.0,236.0,239.42999267578125,181229400
1600,2025-04-07,AAPL,176.59612158290105,193.48835506739644,174.02491207450518,180.84161376953125,160466300
1601,2025-04-07,GOOG,142.9966537424444,154.5049906637876,142.26866053002584,148.8306121826172,47823000
1602,2025-04-07,META,484.0053216518451,538.1528441381656,480.8125306436679,515.0850219726562,36606100
1603,2025-04-07,MSFT,349.00902084094025,369.021730877009,342.9514979578054,355.9517822265625,50425000
1604,2025-04-07,TSLA,223.77999877929688,252.0,214.25,233.2899932861328,183453800
1605,2025-04-08,AAPL,186.0637635998773,189.69135865616965,168.63337548243626,171.83242797851562,120859500
1606,2025-04-08,GOOG,153.15374057783458,154.01637336006476,144.81169552004857,146.1779327392578,35304400
1607,2025-04-08,META,542.0241297513288,546.1946900687835,501.72525715038495,509.29815673828125,28034200
1608,2025-04-08,MSFT,366.2963320079612,371.65757505461033,348.38235725741856,352.66937255859375,35868900
1609,2025-04-08,TSLA,245.0,250.44000244140625,217.8000030517578,221.86000061035156,171603500
1610,2025-04-09,AAPL,171.3640110222038,199.926344669284,171.30421792842867,198.17234802246094,184395900
1611,2025-04-09,GOOG,145.92860463972767,161.42597023789327,145.41002678872394,160.61819458007812,46479500
1612,2025-04-09,META,508.1207792653783,586.563392325636,500.9769327422793,584.4481811523438,39216600
1613,2025-04-09,MSFT,351.6547953803853,391.1331552543464,351.21713920354574,388.4077453613281,50199700
1614,2025-04-09,TSLA,224.69000244140625,274.69000244140625,223.8800048828125,272.20001220703125,219433400
1615,2025-04-10,AAPL,188.42568213047016,194.11621470149436,182.37636057603893,189.7710723876953,121880000
1616,2025-04-10,GOOG,158.32450221012635,159.5910227518202,151.78249928810382,154.9438018798828,35270500
1617,2025-04-10,META,574.1914363860034,579.9883240820161,534.0921199395266,545.0573120117188,28173500
1618,2025-04-10,MSFT,380.02273387837465,381.85291877896515,365.838762955237,379.3165283203125,38024400
1619,2025-04-10,TSLA,260.0,262.489990234375,239.3300018310547,252.39999389648438,181722600
1620,2025-04-11,AAPL,185.46579368960585,198.85997858079665,185.42592149027786,197.47471618652344,87435900
1621,2025-04-11,GOOG,155.15823077671178,159.42149819282994,155.15823077671178,158.96275329589844,22582000
1622,2025-04-11,META,534.3016346023475,546.1648195031983,527.397266592616,542.3434448242188,17642300
1623,2025-04-11,MSFT,378.61034006862997,387.9701367142302,376.86967153767677,386.3786926269531,23839200
1624,2025-04-11,TSLA,251.83999633789062,257.739990234375,241.36000061035156,252.30999755859375,128948100
1625,2025-04-14,AAPL,210.71943358737073,212.21432171985006,200.4744681359889,201.829833984375,101352900
1626,2025-04-14,GOOG,161.8647612161283,163.5800442613397,159.48131788958594,161.02706909179688,18255900
1627,2025-04-14,META,554.9149264864913,556.5113524556241,527.0879095050198,530.2806396484375,14130900
1628,2025-04-14,MSFT,391.1232211496066,392.54558862795363,382.1612557582716,385.7420654296875,19251200
1629,2025-04-14,TSLA,258.3599853515625,261.79998779296875,245.92999267578125,252.35000610351562,100135200
1630,2025-04-15,AAPL,201.1720967653651,202.81646776904176,199.11911932089467,201.45114135742188,51343900
1631,2025-04-15,GOOG,161.12680756053086,161.60548662047464,157.2125711136264,158.24472045898438,15690800
1632,2025-04-15,META,530.9092700648307,536.7261316213554,516.3322523952014,520.3432006835938,15558700
1633,2025-04-15,MSFT,386.43836227942796,389.80034400082167,382.1115516637576,383.6731872558594,17199900
1634,2025-04-15,TSLA,249.91000366210938,258.75,247.5399932861328,254.11000061035156,79594300
1635,2025-04-16,AAPL,197.68401406478426,200.01603598224625,191.71442177543545,193.6079559326172,59732400
1636,2025-04-16,GOOG,155.0435088076943,157.7460660903544,153.48779070570203,155.07342529296875,16921500
1637,2025-04-16,META,507.36253528750194,512.2115538752881,494.5115946838527,501.176513671875,18735100
1638,2025-04-16,MSFT,378.6401657518634,379.5751254610235,366.0377126687907,369.6284484863281,21967800
1639,2025-04-16,TSLA,247.61000061035156,251.97000122070312,233.88999938964844,241.5500030517578,112378700
1640,2025-04-17,AAPL,196.5279673080365,198.15241736523095,193.75744237056688,196.3087158203125,52164700
1641,2025-04-17,GOOG,156.1804006573908,156.63914551785228,150.48605717451858,152.93931579589844,19513400
1642,2025-04-17,META,504.109870459736,506.1552323217004,496.8862177349848,500.348388671875,14593500
1643,2025-04-17,MSFT,371.75704543823275,372.3240133010547,364.9336397230584,365.8188781738281,21120200
1644,2025-04-17,TSLA,243.47000122070312,244.33999633789062,237.67999267578125,241.3699951171875,83404800
1645,2025-04-21,AAPL,192.61134997705832,193.13954254760668,189.16313478921086,192.50172424316406,46742500
1646,2025-04-21,GOOG,150.5508781432317,150.6456187622393,147.99291186389016,149.44891357421875,16147800
1647,2025-04-21,META,490.22127698998224,492.38639367876976,478.71729620364266,483.56634521484375,16166000
1648,2025-04-21,MSFT,360.88533011613976,362.5364820854384,353.7734623702264,357.2050476074219,20807300
1649,2025-04-21,TSLA,230.25999450683594,232.2100067138672,222.7899932861328,227.5,97768000
1650,2025-04-22,AAPL,195.45165216386687,200.9030125684292,195.3021694205859,199.059326171875,52976400
1651,2025-04-22,GOOG,150.6556053772964,154.18588806543661,150.45614182614645,153.4778289794922,15910300
1652,2025-04-22,META,490.7600664511802,505.7362053967078,485.26249029169,499.1510925292969,17399400
1653,2025-04-22,MSFT,361.44235434917846,365.80892977570767,357.94110461161955,364.864013671875,19485000
1654,2025-04-22,TSLA,230.9600067138672,242.7899932861328,229.85000610351562,237.97000122070312,120858500
1655,2025-04-23,AAPL,205.29797863560773,207.29116289420588,202.10888686320854,203.9027557373047,52929200
1656,2025-04-23,GOOG,157.47685003131366,159.5810628232613,155.92113161014544,157.28736877441406,18575700
1657,2025-04-23,META,527.3373790061787,534.1320095182137,515.3544703338583,519.0960083007812,18173900
1658,2025-04-23,MSFT,374.05469360875344,378.36162129682754,371.0308956184831,372.39361572265625,20545500
1659,2025-04-23,TSLA,254.86000061035156,259.45001220703125,244.42999267578125,250.74000549316406,150381900
1660,2025-04-24,AAPL,204.1917605029567,208.11833592046503,202.248408894664,207.65989685058594,47311000
1661,2025-04-24,GOOG,158.0901402859029,161.26641622029112,157.65633597926455,161.02706909179688,30787500
1662,2025-04-24,META,517.5594556288198,532.6952680588365,516.3322506362241,531.9469604492188,13910000
1663,2025-04-24,MSFT,373.69665118177875,386.3786638188774,373.1893609627435,385.2347717285156,22232300
1664,2025-04-24,TSLA,250.5,259.5400085449219,249.1999969482422,259.510009765625,94464200
1665,2025-04-25,AAPL,205.66671618569228,209.0352025034097,205.49729734578435,208.56680297851562,38222300
1666,2025-04-25,GOOG,166.64164358154204,167.77851590370872,162.55288397155766,163.4005584716797,35148100
1667,2025-04-25,META,545.566124111354,548.6192167322417,535.0399425493104,546.0350952148438,17098900
1668,2025-04-25,MSFT,384.93638434344297,390.068873110604,382.54918803088736,389.7605285644531,18973200
1669,2025-04-25,TSLA,261.69000244140625,286.8500061035156,259.6300048828125,284.95001220703125,167560700
1670,2025-04-28,AAPL,209.2843516085664,210.77923983434187,206.7530142372406,209.4238739013672,38743100
1671,2025-04-28,GOOG,163.80940575078378,164.4975154163947,159.9400594955455,161.97445678710938,20871200
1672,2025-04-28,META,554.3862228326028,557.2297674992926,539.3701950695558,548.49951171875,15179000
1673,2025-04-28,MSFT,389.86991018310994,390.6457497092271,384.5783015368256,389.0741882324219,16579400
1674,2025-04-28,TSLA,288.9800109863281,294.8599853515625,272.4200134277344,285.8800048828125,151731800
1675,2025-04-29,AAPL,207.97880282615472,211.51670773820763,207.65988606249564,210.49021911621094,36827600
1676,2025-04-29,GOOG,161.60047449610482,162.23372707882336,158.9527589395059,161.6154327392578,15955200
1677,2025-04-29,META,544.7679463052672,555.3141023170735,542.8921836696377,553.1889038085938,11835000
1678,2025-04-29,MSFT,389.21346312193106,392.9932186361511,388.29838582664536,391.9388732910156,14974000
1679,2025-04-29,TSLA,285.5,293.32000732421875,279.4700012207031,292.0299987792969,108906600
1680,2025-04-30,AAPL,208.58675630135352,212.85216981941505,205.96571387629956,211.77584838867188,52286500
1681,2025-04-30,GOOG,159.4214808354622,160.93132003878804,156.7238992270367,160.4486541748047,20639500
1682,2025-04-30,META,537.1851129255415,547.8609194224242,528.305171612182,547.7611694335938,29244000
1683,2025-04-30,MSFT,388.21877036685504,394.54487238441686,382.39003252749313,393.15234375,36461100
1684,2025-04-30,TSLA,279.8999938964844,284.45001220703125,270.7799987792969,282.1600036621094,128961100
1685,2025-05-01,AAPL,208.3674918385056,213.82881264887993,208.18809734114114,212.59304809570312,57365700
1686,2025-05-01,GOOG,162.07419641613544,163.49029939480852,160.4885463727588,162.34344482421875,21904300
1687,2025-05-01,META,590.7439183241091,591.6119501941531,569.2125991017259,570.9187622070312,31159000
1688,2025-05-01,MSFT,428.81116623183453,434.65981700987567,422.6342884776108,423.1316223144531,58938100
1689,2025-05-01,TSLA,280.010009765625,290.8699951171875,279.80999755859375,280.5199890136719,99659000
1690,2025-05-02,AAPL,205.38767599056177,206.28461806468735,201.4710760745947,204.65020751953125,101010600
1691,2025-05-02,GOOG,164.50251318845105,166.24272160342787,163.2110673335134,165.35516357421875,16844900
1692,2025-05-02,META,582.1434519633877,602.976341384666,577.025022870384,595.6728515625,24739300
1693,2025-05-02,MSFT,429.4378217113229,437.09677511877317,427.6971532418887,432.9589538574219,30757400
1694,2025-05-02,TSLA,284.8999938964844,294.7799987792969,279.80999755859375,287.2099914550781,114454700
1695,2025-05-05,AAPL,202.40787903175757,203.4044712176219,197.5345438511527,198.21221923828125,69018500
1696,2025-05-05,GOOG,164.06371993062646,166.64163573828003,164.01884519571095,165.59451293945312,15309300
1697,2025-05-05,META,589.8858412822701,601.8488361583287,586.7230116613694,597.917724609375,13887700
1698,2025-05-05,MSFT,430.5617862640975,437.15643772408293,429.80582912695047,433.8442077636719,20136100
1699,2025-05-05,TSLA,284.57000732421875,284.8500061035156,274.3999938964844,280.260009765625,94618900
1700,2025-05-06,AAPL,197.5345306234426,199.96620262041338,196.34858356859348,197.83349609375,51216500
1701,2025-05-06,GOOG,163.51025257901807,166.2826256209725,162.6825275029046,164.74684143066406,10691900
1702,2025-05-06,META,591.1929940245881,594.6850963262071,585.2564079323492,585.9847412109375,10600700
1703,2025-05-06,MSFT,429.8953841273505,435.39589519237757,428.8708776295015,430.99945068359375,15104200
1704,2025-05-06,TSLA,273.1099853515625,277.7300109863281,271.3500061035156,275.3500061035156,76715800
1705,2025-05-07,AAPL,198.49125449640593,198.7603386318323,192.59143085844198,195.58120727539062,68536700
1706,2025-05-07,GOOG,165.61446287344089,166.53193740752073,149.07994142713306,152.380859375,78729800
1707,2025-05-07,META,589.0277995025451,601.7191276587725,585.3461237925522,595.4632568359375,13139100
1708,2025-05-07,MSFT,431.5266230555768,435.7837995157977,428.8111693588705,431.03924560546875,23295300
1709,2025-05-07,TSLA,276.8800048828125,277.9200134277344,271.0,276.2200012207031,71592600
1710,2025-05-08,AAPL,197.04619801698016,199.3682595147921,194.0165494128041,196.81698608398438,50478900
1711,2025-05-08,GOOG,155.49230101963664,156.97821934560366,153.67730129276063,155.32276916503906,38387500
1712,2025-05-08,META,604.9218677784463,609.9205723172726,595.2737054544873,596.6605834960938,14622800
1713,2025-05-08,MSFT,435.5948162408885,441.30422944958144,433.3369315017373,435.83355712890625,23491300
1714,2025-05-08,TSLA,279.6300048828125,289.79998779296875,279.4100036621094,284.82000732421875,97539400
1715,2025-05-09,AAPL,198.32183886048443,199.85658408831688,196.86680762308345,197.8534393310547,36453900
1716,2025-05-09,GOOG,155.12330110234345,156.0008767547779,153.4080181578182,153.95651245117188,22871000
1717,2025-05-09,META,602.3577169402795,605.6003835325008,590.3748678564078,591.153076171875,10427300
1718,2025-05-09,MSFT,437.6537809958818,438.38982536855053,433.55575499424157,436.39056396484375,15324200
1719,2025-05-09,TSLA,290.2099914550781,307.0400085449219,290.0,298.260009765625,132387800
1720,2025-05-12,AAPL,210.52675192915717,210.82612467262763,206.31561695740214,210.3471221923828,63775800
1721,2025-05-12,GOOG,158.66356342699288,159.99988389080556,157.45687600004305,159.14224243164062,31884900
1722,2025-05-12,META,629.4962543948571,638.9449161423443,619.6286183644004,637.987060546875,21965100
1723,2025-05-12,MSFT,443.5620761346614,446.97377874951286,437.4349200185842,446.8643798828125,22821900
1724,2025-05-12,TSLA,321.989990234375,322.2099914550781,311.5,318.3800048828125,112826700
1725,2025-05-13,AAPL,209.98788789546765,212.95164926547025,208.56089957562318,212.48263549804688,51909300
1726,2025-05-13,GOOG,159.48131381182282,161.6154428646326,157.147736432167,160.4486541748047,24944300
1727,2025-05-13,META,644.083302386897,659.4286019389394,641.3794565378789,654.5496826171875,18570800
1728,2025-05-13,MSFT,445.392292323668,448.2668964878236,442.9851831830833,446.74505615234375,23618800
1729,2025-05-13,TSLA,320.0,337.5899963378906,316.79998779296875,334.07000732421875,136992600
1730,2025-05-14,AAPL,211.98369190366654,213.49052924285678,210.1375877621875,211.8839111328125,49325800
1731,2025-05-14,GOOG,160.8675041761217,167.87821879457485,160.48854169395702,166.3524169921875,31769200
1732,2025-05-14,META,659.7179321317063,661.1745985140565,652.8334783472295,657.8720703125,12348200
1733,2025-05-14,MSFT,445.75038756339603,451.4796527444761,445.75038756339603,450.5247802734375,19902800
1734,2025-05-14,TSLA,342.5,350.0,337.0,347.67999267578125,136997300
1735,2025-05-15,AAPL,210.506803034962,212.51258988469863,209.0997617101353,211.00575256347656,45029500
1736,2025-05-15,GOOG,166.68150616819955,167.05048632634782,163.39055558165364,164.94627380371094,22717600
1737,2025-05-15,META,652.8036193165813,655.8267503294444,637.1390348372435,642.4270629882812,14341800
1738,2025-05-15,MSFT,449.1894577663049,454.5904670438241,448.8506535548848,451.54119873046875,21992300
1739,2025-05-15,TSLA,340.3399963378906,346.1400146484375,334.7200012207031,342.82000732421875,97882600
1740,2025-05-16,AAPL,211.9138418912236,212.12340739052024,209.3292870180407,210.81614685058594,54737900
1741,2025-05-16,GOOG,168.46660375995745,170.18188687531853,166.4920393241564,166.97071838378906,36271400
1742,2025-05-16,META,636.5204462352993,638.9948305544648,624.7370982869602,638.8950805664062,18519000
1743,2025-05-16,MSFT,450.4649981824022,452.7668963665248,447.1566619661563,452.6772155761719,23849800
1744,2025-05-16,TSLA,346.239990234375,351.6199951171875,342.3299865722656,349.9800109863281,95895700
1745,2025-05-19,AAPL,207.47318710280226,209.0398806327114,203.83084657536088,208.3413543701172,46140500
1746,2025-05-19,GOOG,165.26042792162292,167.48929776101073,164.9612478002886,167.40951538085938,21374700
1747,2025-05-19,META,626.8323547421304,641.5490713874889,626.3833579870233,638.98486328125,9592400
1748,2025-05-19,MSFT,449.29907263869796,457.9785240250479,449.2193361148497,457.26104736328125,21336500
1749,2025-05-19,TSLA,336.29998779296875,343.0,333.3699951171875,342.0899963378906,88869900
1750,2025-05-20,AAPL,207.23369558110693,208.03201787298204,204.5992426766309,206.42539978027344,42496600
1751,2025-05-20,GOOG,167.2998101390324,169.2145415389476,163.809411029233,164.86651611328125,33563300
1752,2025-05-20,META,634.5748472134089,637.9072763695222,630.8333091235804,635.662353515625,6743500
1753,2025-05-20,MSFT,453.9925667897047,456.73292449884485,452.72703072274504,456.56353759765625,15441800
1754,2025-05-20,TSLA,347.8699951171875,354.989990234375,341.6300048828125,343.82000732421875,131715500
1755,2025-05-21,AAPL,204.7389515122616,206.6050179110669,200.2883301620853,201.66542053222656,59211800
1756,2025-05-21,GOOG,164.49750769501136,174.05122975671364,164.43767472114624,169.59349060058594,45567600
1757,2025-05-21,META,630.3643287848374,645.1508944069866,628.7479892254967,634.0659790039062,11464600
1758,2025-05-21,MSFT,452.97614166677727,456.17487788050977,450.2258093649285,450.983154296875,19216900
1759,2025-05-21,TSLA,344.42999267578125,347.3500061035156,332.20001220703125,334.6199951171875,102354800
1760,2025-05-22,AAPL,200.28832240028711,202.32402973584547,199.28043462788855,200.93695068359375,46742400
1761,2025-05-22,GOOG,172.87447668494502,177.64136309066095,171.4085079349726,171.5082244873047,45024100
1762,2025-05-22,META,632.6192119816805,641.7984637515493,629.2867830155565,635.133544921875,8228400
1763,2025-05-22,MSFT,453.3548479183862,458.63625267798704,452.30851122486644,453.26513671875,18025600
1764,2025-05-22,TSLA,331.8999938964844,347.2699890136719,331.3900146484375,341.0400085449219,97113400
1765,2025-05-23,AAPL,193.2630967266574,197.28462846236872,193.05354646446796,194.8597412109375,78432900
1766,2025-05-23,GOOG,169.81288072069805,170.73534627167578,168.7956745596943,169.12477111816406,24963600
1767,2025-05-23,META,622.5919269408028,631.0228714642786,621.2449976116812,625.64501953125,8454100
1768,2025-05-23,MSFT,448.40228199038245,452.0992653985463,447.3360263474386,448.6015625,16883500
1769,2025-05-23,TSLA,337.9200134277344,343.17999267578125,333.2099914550781,339.3399963378906,84654800
1770,2025-05-27,AAPL,197.88337691051132,200.31825293342968,197.01519441683536,199.78936767578125,56288500
1771,2025-05-27,GOOG,170.83010546531364,173.81189377809147,170.74035599876692,173.50274658203125,24341300
1772,2025-05-27,META,633.9761034753569,641.6288391569669,631.322132840975,640.8705444335938,9508400
1773,2025-05-27,MSFT,454.87944662996904,459.3337746022176,454.52069309116933,459.0746765136719,20974300
1774,2025-05-27,TSLA,347.3500061035156,363.7900085449219,347.32000732421875,362.8900146484375,120146400
1775,2025-05-28,AAPL,200.16857290124128,202.3040763244224,199.48002009942556,199.99893188476562,45339700
1776,2025-05-28,GOOG,173.50273337610258,175.99587536996458,172.54038421853534,172.90438842773438,25999200
1777,2025-05-28,META,641.1499165908115,649.4112615873161,641.1000415977985,642.1277465820312,9042900
1778,2025-05-28,MSFT,459.60285995745147,460.89828970025724,455.3278931492698,455.7563781738281,17086300
1779,2025-05-28,TSLA,364.8399963378906,365.0,355.9100036621094,356.8999938964844,91404300
1780,2025-05-29,AAPL,203.15228556391767,203.38179807643976,198.09293019267844,199.5299072265625,51396800
1781,2025-05-29,GOOG,174.51994718708875,174.91884383674366,171.30877894149177,172.4855499267578,21174700
1782,2025-05-29,META,650.1795649115138,651.8457794764735,638.0569572367845,643.5944213867188,8858800
1783,2025-05-29,MSFT,459.93167902845283,460.10109634693043,453.71356774793736,457.0717468261719,13974800
1784,2025-05-29,TSLA,365.2900085449219,367.7099914550781,356.0,358.42999267578125,88087800
1785,2025-05-30,AAPL,198.95112277889336,201.53569281345096,196.36656797106642,200.4280242919922,70819900
1786,2025-05-30,GOOG,171.93705903868528,172.96423238805087,168.0627063952781,172.3758544921875,36258300
1787,2025-05-30,META,641.0501397655987,647.9445199213626,631.3521030687026,646.0288696289062,16241000
1788,2025-05-30,MSFT,458.1080789456966,460.06119805700706,453.942742633105,458.7458190917969,34770500
1789,2025-05-30,TSLA,355.5199890136719,363.67999267578125,345.2900085449219,346.4599914550781,123474900
1790,2025-06-02,AAPL,199.85921507319503,201.70533435611304,199.69954757512772,201.27622985839844,35423300
1791,2025-06-02,GOOG,168.54637896709238,170.59275202237717,168.18736588341204,169.90264892578125,24742900
1792,2025-06-02,META,642.9359196596392,671.7407683371362,642.8062081386795,669.3861083984375,15766300
1793,2025-06-02,MSFT,455.53716828611505,460.48971303831235,455.2880448481698,460.3502197265625,16626500
1794,2025-06-02,TSLA,343.5,348.0199890136719,333.3299865722656,342.69000244140625,81873800
1795,2025-06-03,AAPL,200.92697696252267,203.34189080211323,200.53779694760377,202.8429412841797,46381600
1796,2025-06-03,GOOG,168.40178467639365,169.33421740320648,166.2227656610953,167.2499542236328,25386700
1797,2025-06-03,META,669.9348099310185,674.0554949945077,663.5293144324946,665.3451538085938,11585000
1798,2025-06-03,MSFT,459.85196958801225,462.5126212670428,459.24409259023946,461.3467102050781,15743800
1799,2025-06-03,TSLA,346.6000061035156,355.3999938964844,343.0400085449219,344.2699890136719,99324500
1800,2025-06-04,AAPL,202.4836823743862,205.80668775064265,201.67538665008354,202.3938751220703,43604000
1801,2025-06-04,GOOG,167.8183830228989,169.11481998304504,167.3347128375843,168.9253387451172,18508700
1802,2025-06-04,META,667.8096186265605,687.4452013964936,667.0613110778705,686.3975830078125,14031900
1803,2025-06-04,MSFT,462.3730793208357,464.05715611586317,461.3965045417047,462.2435302734375,14162700
1804,2025-06-04,TSLA,345.1000061035156,345.6000061035156,327.3299865722656,332.04998779296875,98912100
1805,2025-06-05,AAPL,203.07244608657666,204.3198198340372,199.72947835269025,200.20848083496094,55126100
1806,2025-06-05,GOOG,171.14922506717411,171.88720065454083,168.88546285033186,169.3441925048828,25375400
1807,2025-06-05,META,690.0991647687987,692.8130584501095,680.7104262850396,683.0750732421875,13083100
1808,2025-06-05,MSFT,463.3296970825432,468.00325491639626,462.4029652503908,466.0401611328125,20131700
1809,2025-06-05,TSLA,322.489990234375,324.54998779296875,273.2099914550781,284.70001220703125,287499800
1810,2025-06-06,AAPL,202.57349663849442,205.26782088834017,201.62549563553227,203.49156188964844,46607700
1811,2025-06-06,GOOG,171.8273621519075,175.347677694002,171.8273621519075,174.44017028808594,22258100
1812,2025-06-06,META,694.5990561951916,701.2240874679378,690.3087714429512,696.1356201171875,11728000
1813,2025-06-06,MSFT,468.4417212017894,471.6803257365932,467.1363168836836,468.730712890625,15285600
1814,2025-06-06,TSLA,298.8299865722656,305.5,291.1400146484375,295.1400146484375,164747700
1815,2025-06-09,AAPL,203.96057412654167,205.56719211084615,199.59976040917107,201.02674865722656,72862600
1816,2025-06-09,GOOG,175.59837556705574,177.6402153718793,175.38870842986094,177.3556671142578,18817600
1817,2025-06-09,META,696.8839311085023,703.5987252238476,692.3741111037318,692.4938354492188,12773200
1818,2025-06-09,MSFT,468.05311353771793,471.77001565920176,466.9768832876908,471.0924072265625,16469900
1819,2025-06-09,TSLA,285.9599914550781,309.8299865722656,281.8500061035156,308.5799865722656,140908900
1820,2025-06-10,AAPL,200.17855851367187,203.92068000712237,200.14862275986277,202.24420166015625,54672600
1821,2025-06-10,GOOG,177.48545436637687,182.16323144952992,176.20245055412113,179.7319793701172,32908000
1822,2025-06-10,META,699.7673231326536,701.6430856337115,689.9994369756769,700.8150024414062,10850100
1823,2025-06-10,MSFT,469.53787169847936,471.14221196784314,465.3226923748716,469.2688293457031,15375900
1824,2025-06-10,TSLA,314.94000244140625,327.8299865722656,310.6700134277344,326.0899963378906,151256500
1825,2025-06-11,AAPL,203.0724503091444,204.07034932786254,197.99314795828434,198.36236572265625,60989900
1826,2025-06-11,GOOG,180.9500888768485,181.46929001096765,177.72508182642224,178.51385498046875,18994400
1827,2025-06-11,META,702.1220817843749,707.2704113136799,690.4284966062165,692.5736694335938,9582500
1828,2025-06-11,MSFT,468.37197033665615,473.80287330978865,468.01324719222674,470.9628601074219,16399200
1829,2025-06-11,TSLA,334.3999938964844,335.5,322.5,326.42999267578125,122611400
1830,2025-06-12,AAPL,198.66173587371065,199.26046614106752,196.94534836583952,198.78147888183594,43904600
1831,2025-06-12,GOOG,177.20589265380562,177.85489792406833,175.83801337999012,176.69668579101562,17345900
1832,2025-06-12,META,691.7355479828731,693.8108714889893,685.4497761885773,691.79541015625,7322700
1833,2025-06-12,MSFT,473.3544415367432,478.73553201697933,471.8597009390277,477.1909484863281,18950600
1834,2025-06-12,TSLA,323.0799865722656,332.55999755859375,316.8599853515625,319.1099853515625,105127500
1835,2025-06-13,AAPL,199.3103695725812,199.9490243445518,195.2888376882346,196.03726196289062,51447300
1836,2025-06-13,GOOG,173.3119321552168,178.06757686527797,173.3019530834781,175.60838317871094,20873200
1837,2025-06-13,META,686.3976556130428,693.00271273635,679.4733132608307,681.3291015625,9274400
1838,2025-06-13,MSFT,474.7395752703882,477.4998519181197,471.1023792861798,473.2946472167969,16814500
1839,2025-06-13,TSLA,313.9700012207031,332.989990234375,313.29998779296875,325.30999755859375,128964300
1840,2025-06-16,AAPL,196.8854859861783,198.27256505925683,196.1470352061455,198.0031280517578,43020700
1841,2025-06-16,GOOG,175.63333085081038,177.96971329505277,175.54847065665547,177.66519165039062,18132500
1842,2025-06-16,META,698.2888218186604,706.097186349852,692.4774795938313,701.0746459960938,13720300
1843,2025-06-16,MSFT,473.5437784887318,479.00457509504827,473.3345233196989,477.46002197265625,15626100
1844,2025-06-16,TSLA,331.2900085449219,332.04998779296875,326.4100036621094,329.1300048828125,83925900
1845,2025-06-17,AAPL,196.78567812068002,197.97318035709665,194.79986887227625,195.2289581298828,38856200
1846,2025-06-17,GOOG,176.72664304480134,178.43899076022245,175.66828253538915,176.95628356933594,17656100
1847,2025-06-17,META,700.9548121157454,704.9188720421186,695.0236535754563,696.19189453125,10066100
1848,2025-06-17,MSFT,473.7331030955977,477.06138843382047,472.4177241014044,476.3638610839844,15414100
1849,2025-06-17,TSLA,326.0899963378906,327.260009765625,314.739990234375,316.3500061035156,88282700
1850,2025-06-18,AAPL,195.52833742048526,197.15491770400297,194.66017014117494,196.1669921875,45394700
1851,2025-06-18,GOOG,177.00621028898257,177.54937648164295,172.57306491872816,173.7113037109375,32531800
1852,2025-06-18,META,697.1405159449071,700.5454731369719,693.8654310237622,694.734130859375,10068300
1853,2025-06-18,MSFT,476.3239856832242,479.313466764918,472.7963894918646,478.5561218261719,17526500
1854,2025-06-18,TSLA,317.30999755859375,329.32000732421875,315.45001220703125,322.04998779296875,95137700
1855,2025-06-20,AAPL,197.82351706190548,201.27623931614946,196.44641147314488,200.5777130126953,96813500
1856,2025-06-20,GOOG,174.5949374560243,175.09416523737374,166.01321067580938,167.470947265625,55402600
1857,2025-06-20,META,699.7066745861354,700.7750888089137,677.659531763817,681.3340454101562,22538600
1858,2025-06-20,MSFT,480.53918652379775,481.76485435953526,475.1979642712812,475.7261047363281,37576200
1859,2025-06-20,TSLA,327.95001220703125,332.3599853515625,317.7799987792969,322.1600036621094,108688000
1860,2025-06-23,AAPL,201.20637663769034,201.87496712850407,198.54198818263384,201.07664489746094,55814300
1861,2025-06-23,GOOG,167.0615906478564,168.21978751200217,163.07774750177026,165.75360107421875,36975600
1862,2025-06-23,META,682.6721183845542,698.009235646563,677.7394706648903,697.4900512695312,11080100
1863,2025-06-23,MSFT,476.53323466530253,486.0397928967888,470.8532389300749,484.2959289550781,24864000
1864,2025-06-23,TSLA,327.5400085449219,357.5400085449219,327.4800109863281,348.67999267578125,190716800
1865,2025-06-24,AAPL,202.16436301176623,203.0125832870988,199.77938491343542,199.87918090820312,54064000
1866,2025-06-24,GOOG,167.4260187941308,168.98860418926247,166.65222182620118,167.48094177246094,27310300
1867,2025-06-24,META,703.840534417847,712.1281647182683,701.0646441862544,711.1396484375,13823200
1868,2025-06-24,MSFT,487.23560408546166,490.1254297173699,485.0931183138473,488.3915100097656,22305600
1869,2025-06-24,TSLA,356.1700134277344,356.260009765625,340.44000244140625,340.4700012207031,114736200
1870,2025-06-25,AAPL,201.02675088646447,203.24208788881052,200.19849288768373,201.1365203857422,39525700
1871,2025-06-25,GOOG,168.38951816341654,173.0922503887219,168.3006663473058,171.2251434326172,23627400
1872,2025-06-25,META,712.2579843149763,715.5131404309827,704.329803307428,707.6248779296875,9320400
1873,2025-06-25,MSFT,490.314771223071,492.82592441237585,487.6740689863978,490.5439453125,17495100
1874,2025-06-25,TSLA,342.70001220703125,343.0,320.3999938964844,327.54998779296875,119845100
1875,2025-06-26,AAPL,201.00680230384165,202.2142668779585,199.04095514509618,200.5777130126953,50799100
1876,2025-06-26,GOOG,173.11721450651243,174.3802602003527,170.59612027198173,174.1605987548828,25909100
1877,2025-06-26,META,713.2963951875835,727.1357448031094,709.9913257897466,725.0089721679688,13964800
1878,2025-06-26,MSFT,491.2514824256969,496.29373818928514,491.08206511354325,495.705810546875,21578900
1879,2025-06-26,TSLA,324.6099853515625,331.04998779296875,323.6099853515625,325.7799987792969,80440900
1880,2025-06-27,AAPL,201.46584280819525,202.79305039965564,199.57981417332658,200.6575469970703,73188600
1881,2025-06-27,GOOG,174.3602970998626,178.56378642226113,172.4432642772778,177.9946746826172,74053100
1882,2025-06-27,META,725.4383202717177,734.335027558332,724.7792688020234,732.5377197265625,18775700
1883,2025-06-27,MSFT,495.80545117387857,497.54931522943417,491.30131038962224,494.20111083984375,34539200
1884,2025-06-27,TSLA,324.510009765625,329.3399963378906,317.5,323.6300048828125,89067000
1885,2025-06-30,AAPL,201.58557286233471,206.95427439094752,198.84135059390303,204.7389373779297,91912800
1886,2025-06-30,GOOG,180.50578866003735,181.29955898701076,175.2289474687003,177.11602783203125,43964600
1887,2025-06-30,META,743.4414931754206,746.7865422233173,733.1568401231899,736.9911499023438,15402100
1888,2025-06-30,MSFT,495.2972567719388,499.0042146991214,493.5932305818623,495.66595458984375,28369000
1889,2025-06-30,TSLA,319.8999938964844,325.5799865722656,316.6000061035156,317.6600036621094,76695100
1890,2025-07-01,AAPL,206.23578409144605,209.74839282792448,205.70689884063935,207.3833770751953,78788900
1891,2025-07-01,GOOG,176.5319309802097,176.94629857639345,174.39025473688548,176.63677978515625,25778500
1892,2025-07-01,META,735.7829112020786,736.6516110389775,714.3049263192432,718.149169921875,13431200
1893,2025-07-01,MSFT,494.7292533047111,496.30370004913976,489.2585123483102,490.3247375488281,19945400
1894,2025-07-01,TSLA,298.4599914550781,305.8900146484375,293.2099914550781,300.7099914550781,145085700
1895,2025-07-02,AAPL,208.47108532398713,212.8917706186518,207.7026988246806,211.99366760253906,67941800
1896,2025-07-02,GOOG,176.27234494873161,179.65710887852734,175.8180458150953,179.4823760986328,19325900
1897,2025-07-02,META,714.2649576351612,719.2275285170003,711.7386953151484,712.507568359375,9336700
1898,2025-07-02,MSFT,488.2719538404123,491.76965656989233,486.98649882219644,489.36810302734375,16319600
1899,2025-07-02,TSLA,312.6300048828125,316.8299865722656,303.82000732421875,315.6499938964844,119483700
1900,2025-07-03,AAPL,211.70426588787655,214.1990133776075,211.3649838836884,213.10133361816406,34955800
1901,2025-07-03,GOOG,179.54228041184373,180.49081011668443,177.91479302544332,180.27114868164062,13287400
1902,2025-07-03,META,725.5281745483136,727.9446154194361,713.3563211505465,717.9395141601562,8601700
1903,2025-07-03,MSFT,492.07857999859937,498.3764278450543,491.7098821739863,497.0909423828125,13984800
1904,2025-07-03,TSLA,317.989990234375,318.45001220703125,312.760009765625,315.3500061035156,58042300
1905,2025-07-07,AAPL,212.23315593085263,215.77570049162512,208.36131809352125,209.50889587402344,50229000
1906,2025-07-07,GOOG,179.85678661869872,180.061471836501,176.3671893155965,177.2857666015625,20991400
1907,2025-07-07,META,716.5315731843128,725.9176023238477,712.4476967305745,717.2804565429688,9457100
1908,2025-07-07,MSFT,495.6360493014733,497.0012408266234,493.4935938943106,495.974853515625,13981600
1909,2025-07-07,TSLA,291.3699951171875,296.1499938964844,288.7699890136719,293.94000244140625,131177900
1910,2025-07-08,AAPL,209.658593847986,210.98578616820197,208.01205130024096,209.5687713623047,42848900
1911,2025-07-08,GOOG,178.50388486434102,178.51386393532042,173.65139020434393,174.8894805908203,24108600
1912,2025-07-08,META,720.4956692403485,721.8336399994789,713.7457243829997,719.5969848632812,7770700
1913,2025-07-08,MSFT,495.4965138505155,496.4531696907806,492.3774837277821,494.8786926269531,11846600
1914,2025-07-08,TSLA,297.0,304.04998779296875,294.3500061035156,297.80999755859375,103246700
1915,2025-07-09,AAPL,209.0897778625777,210.8859991217609,206.78463359109693,210.69639587402344,48749400
1916,2025-07-09,GOOG,175.8380260632261,180.00158431757495,173.61147421778338,177.38563537597656,31288000
1917,2025-07-09,META,721.6439452565418,736.4319538163115,721.6439452565418,731.6890258789062,11418000
1918,2025-07-09,MSFT,498.54580110123976,505.003091421344,497.98776704512187,501.74456787109375,18659500
1919,2025-07-09,TSLA,297.54998779296875,300.1499938964844,293.54998779296875,295.8800048828125,75586800
1920,2025-07-10,AAPL,210.06772774811225,213.03148920420767,209.58874045798783,211.9637451171875,44443600
1921,2025-07-10,GOOG,176.397147597673,179.31263609787564,175.46859121008725,178.42401123046875,24693700
1922,2025-07-10,META,730.4608071076664,734.704479422628,718.5285868802704,726.1572265625,9913600
1923,2025-07-10,MSFT,501.2861517097084,502.67129257213526,496.0047471787155,499.7216796875,16492100
1924,2025-07-10,TSLA,300.04998779296875,310.4800109863281,300.0,309.8699951171875,104365300
1925,2025-07-11,AAPL,210.12759762046792,211.68431760849728,209.41908263784933,210.7163543701172,39765800
1926,2025-07-11,GOOG,177.6352405535543,182.32797885559833,177.26680714406226,181.0299835205078,23975700
1927,2025-07-11,META,721.4243335394181,724.080346484783,708.6434025181652,716.4417724609375,10873900
1928,2025-07-11,MSFT,496.72223609239006,503.25923259786794,496.054571905536,501.55523681640625,16459500
1929,2025-07-11,TSLA,307.8900146484375,314.0899963378906,305.6499938964844,313.510009765625,79236400
1930,2025-07-14,AAPL,209.48893166698292,210.46688365912564,207.10395364435493,208.1816864013672,38840100
1931,2025-07-14,GOOG,181.78880160062218,184.4446816723468,180.4318917901642,182.52764892578125,20990400
1932,2025-07-14,META,716.5315544248375,726.9160944373699,715.4831299390246,719.8466186523438,8939400
1933,2025-07-14,MSFT,499.7615155353931,502.2029372942231,499.273243347857,501.2562561035156,12058800
1934,2025-07-14,TSLA,317.7300109863281,322.6000061035156,312.6700134277344,316.8999938964844,78043400
1935,2025-07-15,AAPL,208.7804390594974,211.44482767792792,208.48106630115817,208.67066955566406,42296300
1936,2025-07-15,GOOG,183.6559139606627,185.12364481924809,182.10830483087008,182.8172149658203,23911600
1937,2025-07-15,META,722.8222937420867,723.3913915043134,708.7632387544227,709.3323974609375,11529500
1938,2025-07-15,MSFT,501.2562471634966,506.51773265302506,501.027073076573,504.04644775390625,14927200
1939,2025-07-15,TSLA,319.67999267578125,321.20001220703125,310.5,310.7799987792969,77556300
1940,2025-07-16,AAPL,209.85816533566302,211.9537441254909,208.20164932080104,209.7184600830078,47490500
1941,2025-07-16,GOOG,184.0353291212338,185.04876086661793,182.79723878931895,183.48617553710938,21152600
1942,2025-07-16,META,712.3078512596281,712.9069335357998,698.2288692710704,701.8634033203125,13067600
1943,2025-07-16,MSFT,503.40867779230757,504.94328659833275,500.13023542973804,503.8471374511719,15154400
1944,2025-07-16,TSLA,312.79998779296875,323.5,312.6199951171875,321.6700134277344,97284800
1945,2025-07-17,AAPL,210.12759810142074,211.3550095983717,209.14964612579556,209.57875061035156,48068100
1946,2025-07-17,GOOG,182.8322055265823,184.90099654275474,181.21969422278445,184.4147491455078,21654400
1947,2025-07-17,META,703.3412662167694,704.8490277671435,696.0720759709156,700.3656616210938,11803300
1948,2025-07-17,MSFT,503.9069415603956,511.5699807689203,503.84715436950415,509.9058532714844,17503100
1949,2025-07-17,TSLA,323.1499938964844,324.3399963378906,317.05999755859375,319.4100036621094,73922900
1950,2025-07-18,AAPL,210.42696659875526,211.34503189230253,209.25942654413325,210.73631286621094,48974600
1951,2025-07-18,GOOG,186.3317745092629,187.0706371193561,184.4446940821443,185.65283203125,21033400
1952,2025-07-18,META,701.1445302429636,703.6607977835126,690.6202449112741,703.2314453125,12779800
1953,2025-07-18,MSFT,512.6760872301095,512.8355602906365,505.6508184267905,508.2616271972656,21209700
1954,2025-07-18,TSLA,321.6600036621094,330.8999938964844,321.4200134277344,329.6499938964844,94255000
1955,2025-07-21,AAPL,211.65439331220318,215.32665448510335,211.18537954340883,212.03358459472656,51377400
1956,2025-07-21,GOOG,186.8110491071922,190.96461283004993,186.7611232800799,190.8547821044922,24665000
1957,2025-07-21,META,705.7476506911312,715.932476351091,704.7092210614702,711.908447265625,9404400
1958,2025-07-21,MSFT,504.9333159392007,510.29448733980524,503.77737959397786,508.2715759277344,14066800
1959,2025-07-21,TSLA,334.3999938964844,338.0,326.8800048828125,328.489990234375,75768800
1960,2025-07-22,AAPL,212.69219192810166,214.49838667908332,211.78410018506472,213.9495391845703,46404100
1961,2025-07-22,GOOG,192.12281223527594,193.0613628759034,188.20387121297293,191.81329345703125,26212900
1962,2025-07-22,META,715.1236815394241,715.5330442831794,700.3656579311477,703.7606201171875,8921100
1963,2025-07-22,MSFT,509.1784090675831,509.40761357627605,503.4983825683594,503.4983825683594,13868600
1964,2025-07-22,TSLA,329.739990234375,335.4100036621094,321.54998779296875,332.1099853515625,77370400
1965,2025-07-23,AAPL,214.54829351654996,214.69797228179937,211.9637386583707,213.7000732421875,46989300
1966,2025-07-23,GOOG,192.06291145675814,193.06136701325298,189.88627042128354,191.21421813964844,34068100
1967,2025-07-23,META,705.3182910497592,713.5660026063329,703.880432607157,712.517578125,8771600
1968,2025-07-23,MSFT,504.97320231513,505.01307057965715,498.9444273574923,504.0962829589844,16396600
1969,2025-07-23,TSLA,330.8999938964844,336.20001220703125,328.6700134277344,332.55999755859375,92553800
1970,2025-07-24,AAPL,213.45060308663847,215.23685093304425,213.08138530657155,213.31089782714844,46022600
1971,2025-07-24,GOOG,197.80403178883356,198.6627041806578,191.6535418769399,192.901611328125,45252100
1972,2025-07-24,META,715.9824289621253,722.5426547237513,712.9369820539731,713.7357788085938,10920800
1973,2025-07-24,MSFT,506.98609704492156,511.86891017220256,505.5212500656798,509.0887145996094,16107000
1974,2025-07-24,TSLA,310.0,310.1499938964844,300.4100036621094,305.29998779296875,156966000
1975,2025-07-25,AAPL,214.24891808809048,214.7877920897316,212.95164630742312,213.43064880371094,40268800
1976,2025-07-25,GOOG,192.63202513607754,194.97340465838818,191.83327287103867,193.78025817871094,31101800
1977,2025-07-25,META,715.8525738749273,719.5770617883383,710.8400895031193,711.618896484375,8271700
1978,2025-07-25,MSFT,510.67314061143924,516.4727417364818,508.57055332296227,511.9088439941406,19125700
1979,2025-07-25,TSLA,308.739990234375,323.6300048828125,308.010009765625,316.05999755859375,148227000
1980,2025-07-28,AAPL,213.5803337758995,214.39861831079742,212.61237047326716,213.6002960205078,37858000
1981,2025-07-28,GOOG,194.10975336639692,194.51912381149856,191.5586914318958,193.12127685546875,25553500
1982,2025-07-28,META,714.1352096135126,723.6609843506268,711.6189419324959,716.5615844726562,8715700
1983,2025-07-28,MSFT,512.2775105607909,513.1942677567645,508.3313735189307,510.7030334472656,14308000
1984,2025-07-28,TSLA,318.45001220703125,330.489990234375,315.69000244140625,325.5899963378906,112673800
1985,2025-07-29,AAPL,213.73000061776605,214.3586818606333,210.37707459375494,210.8261260986328,51411700
1986,2025-07-29,GOOG,193.0014619032327,196.35627317873985,192.69194311869856,196.12661743164062,31891600
1987,2025-07-29,META,718.9279854910714,723.3913008144071,698.8678708582052,698.957763671875,13267000
1988,2025-07-29,MSFT,513.7224399565682,515.8050777848653,509.7663282358281,510.7727966308594,16469200
1989,2025-07-29,TSLA,325.54998779296875,326.25,318.25,321.20001220703125,87358900
1990,2025-07-30,AAPL,211.454797150492,211.94377315400357,207.28358653790625,208.6107940673828,45512500
1991,2025-07-30,GOOG,195.99683205679682,198.1734578933613,195.257969447984,197.13507080078125,21150500
1992,2025-07-30,META,707.0357546566921,707.4451173939698,690.170887478499,694.1749267578125,27077300
1993,2025-07-30,MSFT,513.3636552782116,514.1409495778635,507.6537656967309,511.4404296875,26380400
1994,2025-07-30,TSLA,322.17999267578125,324.45001220703125,311.6199951171875,319.0400085449219,83931900
1995,2025-07-31,AAPL,208.0519764228089,209.39913099136336,206.72476887181696,207.1339111328125,80698400
1996,2025-07-31,GOOG,196.29637850411646,196.52601902795027,191.78335489291655,192.56214904785156,27852000
1997,2025-07-31,META,774.0458414913344,783.5816106103192,764.3702661872821,772.2884521484375,38831100
1998,2025-07-31,MSFT,553.2831833968122,553.5024436401114,530.0350289229713,531.62939453125,51617300
1999,2025-07-31,TSLA,319.6099853515625,321.3699951171875,306.1000061035156,308.2699890136719,85270900
2000,2025-08-01,AAPL,210.4269561886582,213.13126916468397,201.07664747870345,201.95480346679688,104434500
2001,2025-08-01,GOOG,189.4868958519525,191.32205462037308,188.40856201383838,189.65663146972656,21236700
2002,2025-08-01,META,759.5973820600149,764.8595554226001,744.2003568990668,748.8933715820312,19028700
2003,2025-08-01,MSFT,533.1241706958108,533.9213535531813,519.0337340919326,522.2723388671875,28977600
2004,2025-08-01,TSLA,306.2099914550781,309.30999755859375,297.82000732421875,302.6300048828125,89121400
2005,2025-08-04,AAPL,204.0803265791815,207.44325668811337,201.25627047720934,202.9227752685547,75109300
2006,2025-08-04,GOOG,190.879761333795,195.77718506278148,190.62515026857625,195.44769287109375,23386000
2007,2025-08-04,META,758.8684883686742,775.6933771870287,757.2808287946278,775.214111328125,15801700
2008,2025-08-04,MSFT,526.4177481275262,536.3627358241171,526.2782244119826,533.7619018554688,25349000
2009,2025-08-04,TSLA,309.0799865722656,312.1199951171875,303.0,309.260009765625,78683900
2010,2025-08-05,AAPL,202.97265486934364,204.90858140720596,201.73526982787092,202.49366760253906,44155100
2011,2025-08-05,GOOG,195.24299969351156,198.39312591237345,194.37434819135635,195.0183563232422,19010200
2012,2025-08-05,META,775.2939526074297,781.9639994147884,761.863966178597,762.3233032226562,11640300
2013,2025-08-05,MSFT,535.2964641743647,535.41603854948,525.3913146279989,525.8995361328125,19171600
2014,2025-08-05,TSLA,308.95001220703125,312.45001220703125,305.5,308.7200012207031,57961300
2015,2025-08-06,AAPL,205.1979708684584,214.9274858636443,205.15804638253505,212.8019561767578,108483100
2016,2025-08-06,GOOG,194.94845621765052,197.0751715243873,194.16666072818697,196.61587524414062,15383700
2017,2025-08-06,META,768.853609707056,772.488205034118,759.327834976083,770.8406372070312,9733900
2018,2025-08-06,MSFT,529.0385508551038,529.8357336828143,522.1926437275052,523.0994262695312,21355700
2019,2025-08-06,TSLA,307.8900146484375,320.4700012207031,306.92999267578125,319.9100036621094,78523600
2020,2025-08-07,AAPL,218.42014073215765,220.38600300495352,216.12496995802366,219.56771850585938,90224800
2021,2025-08-07,GOOG,197.4046550915873,198.0636241811511,194.91849526728674,196.97531127929688,14660600
2022,2025-08-07,META,772.3383525306105,773.8461140652291,758.4191051508143,760.6957397460938,9019700
2023,2025-08-07,MSFT,524.9529190734887,526.2384349946553,515.7353514691818,519.0138549804688,16079100
2024,2025-08-07,TSLA,319.7900085449219,322.3999938964844,316.1600036621094,322.2699890136719,66658700
2025,2025-08-08,AAPL,220.36603010589778,230.51466074526758,218.78934791515115,228.86813354492188,113854000
2026,2025-08-08,GOOG,197.6742398490951,203.1158199439158,197.59436157107942,201.77789306640625,24379900
2027,2025-08-08,META,761.6144268371896,768.7538063796192,757.4506521481833,768.1546630859375,7320800
2028,2025-08-08,MSFT,520.7676288144971,522.8204035830947,517.5888112007746,520.2095947265625,15531000
2029,2025-08-08,TSLA,321.42999267578125,335.1499938964844,320.9800109863281,329.6499938964844,91200300
2030,2025-08-11,AAPL,227.6992650180531,229.33767612130436,224.54232171734583,226.95997619628906,61806100
2031,2025-08-11,GOOG,201.2437071589298,201.84778375432532,199.49142797559023,201.318603515625,16690200
2032,2025-08-11,META,768.9334902466898,772.3084628390361,763.531510748687,764.729736328125,7612000
2033,2025-08-11,MSFT,520.4686618064882,525.7401525514866,517.8976909591346,519.9405517578125,20194400
2034,2025-08-11,TSLA,335.0,346.6400146484375,334.1499938964844,339.0299987792969,105320200
2035,2025-08-12,AAPL,227.78917070894937,230.57647717809445,226.8500938879156,229.42758178710938,55626200
2036,2025-08-12,GOOG,201.78288282269472,204.81319918192554,201.0889488776854,203.84469604492188,19854000
2037,2025-08-12,META,771.849102319645,792.4883102810505,771.2799436630941,788.8237915039062,14563100
2038,2025-08-12,MSFT,521.9135974657331,529.1182277589118,520.8672912006765,527.3843383789062,18667000
2039,2025-08-12,TSLA,345.0,345.260009765625,332.94000244140625,340.8399963378906,80522100
2040,2025-08-13,AAPL,230.8462285986664,234.77241529044048,230.2068337695816,233.10403442382812,69878500
2041,2025-08-13,GOOG,204.66341595456223,205.11271790848946,198.33321137510248,202.7164306640625,19573000
2042,2025-08-13,META,789.9721665216805,794.2757473900336,777.0713578354987,778.9186401367188,8811800
2043,2025-08-13,MSFT,530.2443026581628,530.8322607629538,517.5489813455309,518.7547607421875,19619200
2044,2025-08-13,TSLA,341.5,348.9800109863281,338.20001220703125,339.3800048828125,67838900
2045,2025-08-14,AAPL,233.83332460758467,234.89229562265464,230.6264418350812,232.5545654296875,51916300
2046,2025-08-14,GOOG,202.2471699206443,205.1027536310835,202.0125322382486,203.50523376464844,17777100
2047,2025-08-14,META,776.7218428333804,786.6370510429252,771.3598429397638,780.9655151367188,8116200
2048,2025-08-14,MSFT,520.7277467800332,524.1058750288076,518.3162490497452,520.6480102539062,20269100
2049,2025-08-14,TSLA,335.760009765625,340.4700012207031,330.3999938964844,335.5799865722656,75000700
2050,2025-08-15,AAPL,233.77337703316005,234.0531046408583,229.11788646444978,231.36570739746094,56038700
2051,2025-08-15,GOOG,204.40382737928184,207.0097970502324,201.7729024129421,204.59353637695312,21111400
2052,2025-08-15,META,782.9825648931883,795.0645257736991,779.6575056048304,784.0609130859375,13375400
2053,2025-08-15,MSFT,520.9370505811125,524.255330935539,517.2599862571353,518.3461303710938,25213300
2054,2025-08-15,TSLA,337.6600036621094,339.29998779296875,327.0199890136719,330.55999755859375,74319800
2055,2025-08-18,AAPL,231.47561022214762,232.89423321308522,229.88715369469057,230.66639709472656,37476200
2056,2025-08-18,GOOG,204.75329668712357,205.82163625410575,203.0958567388613,203.9744873046875,13000200
2057,2025-08-18,META,773.9360156125421,774.6549143701418,755.4335751910228,766.2274780273438,16513700
2058,2025-08-18,MSFT,519.7611730136332,520.9868407954262,512.2177084457264,515.286865234375,23760600
2059,2025-08-18,TSLA,329.6199951171875,336.2699890136719,329.5899963378906,335.1600036621094,56956600
2060,2025-08-19,AAPL,231.05601964615855,232.64447617946885,229.1278960385577,230.3367156982422,39402600
2061,2025-08-19,GOOG,203.5900845586483,203.97448447366057,200.61967310329786,202.17727661132812,13476600
2062,2025-08-19,META,765.977874147037,766.0277875160474,748.2443062415024,750.3611450195312,12286700
2063,2025-08-19,MSFT,513.1942782099028,513.3536904476517,506.7668813962475,507.98260498046875,21481000
2064,2025-08-19,TSLA,335.7900085449219,340.54998779296875,327.8500061035156,329.30999755859375,75956000
2065,2025-08-20,AAPL,229.75726351111018,230.24679444121838,225.55134937034353,225.79110717773438,42263900
2066,2025-08-20,GOOG,201.36851794980555,201.85776667813298,197.15504933725106,199.88082885742188,13971700
2067,2025-08-20,META,746.4570103778062,749.083099657565,729.911672806752,746.6067504882812,11898200
2068,2025-08-20,MSFT,508.0822507382742,509.2082935133009,502.6712971096552,503.9468078613281,27723000
2069,2025-08-20,TSLA,329.2200012207031,331.3699951171875,314.6000061035156,323.8999938964844,77481800
2070,2025-08-21,AAPL,226.05087353353895,226.30063142153253,223.56327948127884,224.68218994140625,30621200
2071,2025-08-21,GOOG,200.4100017968599,203.04592387341168,200.09048870383648,200.31015014648438,11768900
2072,2025-08-21,META,743.6012666698691,744.3900685450179,732.0185006665147,737.9995727539062,8876300
2073,2025-08-21,MSFT,502.74904380636957,506.68168580920974,501.7808546744913,503.2980041503906,18443300
2074,2025-08-21,TSLA,322.0799865722656,324.8999938964844,318.67999267578125,320.1099853515625,55744400
2075,2025-08-22,AAPL,225.95095699429655,228.8681272027074,225.1916985271248,227.53941345214844,42477800
2076,2025-08-22,GOOG,203.6450096228341,208.9068596330031,201.81783405788252,206.40074157714844,25723700
2077,2025-08-22,META,738.1293678852983,755.7731035460037,733.2966081137474,753.6661987304688,10612700
2078,2025-08-22,MSFT,503.3079962424447,509.77590173606455,501.471437254012,506.2824401855469,24324200
2079,2025-08-22,TSLA,321.6600036621094,340.25,319.69000244140625,340.010009765625,94016300
2080,2025-08-25,AAPL,226.26065308481304,229.07792927219558,226.01089520624416,226.94000244140625,30983100
2081,2025-08-25,GOOG,206.68029226314627,210.7639716760469,205.63191092201342,208.8369598388672,22788800
2082,2025-08-25,META,753.6961621486424,757.7501148109367,749.0131426125197,752.1784057617188,6861200
2083,2025-08-25,MSFT,505.6835608535286,507.2406441544574,503.1782400793436,503.3179931640625,21638600
2084,2025-08-25,TSLA,338.8999938964844,349.5299987792969,335.0299987792969,346.6000061035156,86670000
2085,2025-08-26,AAPL,226.65028173376106,229.26775474756235,224.4724002828088,229.08792114257812,54575100
2086,2025-08-26,GOOG,208.04817946161637,208.13805204048316,206.13114662109604,207.6288299560547,23051000
2087,2025-08-26,META,749.6821592803592,753.7461069744401,746.8264320177999,752.9772338867188,7601800
2088,2025-08-26,MSFT,503.4177851675948,504.0366525259624,497.5787379824689,501.1021423339844,30835700
2089,2025-08-26,TSLA,344.92999267578125,351.8999938964844,343.7200012207031,351.6700134277344,76651600
2090,2025-08-27,AAPL,228.38860049855515,230.676376013076,228.03893336267103,230.26678466796875,31259500
2091,2025-08-27,GOOG,206.1411457283501,209.2463431912284,206.07124652485047,207.88844299316406,15249000
2092,2025-08-27,META,751.1799307743298,753.0272129802489,741.7340542390842,746.2672729492188,8315400
2093,2025-08-27,MSFT,501.06219963605827,506.34232576675964,498.96611661319633,505.7933349609375,17277900
2094,2025-08-27,TSLA,351.94000244140625,355.3900146484375,349.1600036621094,349.6000061035156,65519000
2095,2025-08-28,AAPL,230.59647266873003,233.18396075811214,229.11789497993007,232.33477783203125,38074700
2096,2025-08-28,GOOG,207.51898993739863,212.57117238999064,207.2793703650841,212.0419921875,20915700
2097,2025-08-28,META,742.8922995313089,751.9288132977724,739.6970516455432,749.99169921875,7468000
2098,2025-08-28,MSFT,506.1426727693108,510.1352001425548,504.5556467937143,508.68792724609375,18015600
2099,2025-08-28,TSLA,350.9100036621094,353.54998779296875,340.260009765625,345.9800109863281,67903200
2100,2025-08-29,AAPL,232.28481317583598,233.15398096397084,231.145917853049,231.91517639160156,39418400
2101,2025-08-29,GOOG,210.94372162932564,215.0074280520148,210.6441818983739,213.20022583007812,24682200
2102,2025-08-29,META,744.1704403453122,746.0276565106426,734.2551707121078,737.6002197265625,9070500
2103,2025-08-29,MSFT,507.7097597194238,508.64800611235046,503.5475364264987,505.7434387207031,20961600
2104,2025-08-29,TSLA,347.2300109863281,348.75,331.70001220703125,333.8699951171875,81145700
2105,2025-09-02,AAPL,229.02798202980685,230.62643860177437,226.75019132336067,229.49752807617188,44075600
2106,2025-09-02,GOOG,208.6672460473044,212.041025402124,206.64038235228847,211.66261291503906,28900100
2107,2025-09-02,META,724.9589996576248,734.9041924629622,720.655419120511,734.0155029296875,9350900
2108,2025-09-02,MSFT,499.53505401941584,505.0547219959289,495.88188775050133,504.1763610839844,18128000
2109,2025-09-02,TSLA,328.2300109863281,333.3299865722656,325.6000061035156,329.3599853515625,58392000
2110,2025-09-03,AAPL,236.98028515930878,238.6186963224971,234.133039090421,238.2390594482422,66427800
2111,2025-09-03,GOOG,226.13021268624902,231.44200361883648,224.77231250489172,230.7430877685547,72250300
2112,2025-09-03,META,734.9042121918441,739.1478846127889,732.8971950134412,735.95263671875,7699300
2113,2025-09-03,MSFT,502.8488615493355,506.8413890153064,501.3816064871684,504.40594482421875,16345100
2114,2025-09-03,TSLA,335.20001220703125,343.3299865722656,328.510009765625,334.0899963378906,88733300
2115,2025-09-04,AAPL,238.21906152531412,239.66765417218173,236.51072617258424,239.5477752685547,47549400
2116,2025-09-04,GOOG,229.79953838333347,232.41050515957645,226.40977748846325,232.30067443847656,32196000
2117,2025-09-04,META,747.4555024338443,760.0267237435045,744.7095967582477,747.535400390625,11439100
2118,2025-09-04,MSFT,503.3578996917829,507.20071355848035,502.2100541109688,507.02105712890625,15509500
2119,2025-09-04,TSLA,336.1499938964844,338.8900146484375,331.4800109863281,338.5299987792969,60711000
2120,2025-09-05,AAPL,239.76756781945676,241.08629675958926,238.25903569310344,239.45787048339844,54870400
2121,2025-09-05,GOOG,232.3006752313413,235.76531725805415,232.02110889217334,234.80679321289062,26127700
2122,2025-09-05,META,751.4994417417535,756.821523128746,743.9207763942886,751.3297119140625,9663400
2123,2025-09-05,MSFT,508.11900990545524,511.0135863020471,491.4501951138555,494.0752868652344,31994800
2124,2025-09-05,TSLA,348.0,355.8699951171875,344.67999267578125,350.8399963378906,108989800
2125,2025-09-08,AAPL,239.06825064349684,239.91741830634814,236.11111057683257,237.64962768554688,48999500
2126,2025-09-08,GOOG,235.63625103996944,238.24454985055107,233.57759666242987,234.00732421875,23128800
2127,2025-09-08,META,754.8743737770961,765.3687349414048,750.9003191950952,751.1798706054688,13087800
2128,2025-09-08,MSFT,497.1794589519428,500.26371328397477,494.10522614671714,497.2693176269531,16771000
2129,2025-09-08,TSLA,354.6400146484375,358.44000244140625,344.8399963378906,346.3999938964844,75208300
2130,2025-09-09,AAPL,236.77047435136637,238.5487492683241,233.13400016518182,234.123046875,66313900
2131,2025-09-09,GOOG,234.0373032564655,240.4331241573419,233.22783384154016,239.78355407714844,22854800
2132,2025-09-09,META,756.3621991005824,765.1590798691678,752.3082462809408,764.5599975585938,10999000
2133,2025-09-09,MSFT,500.4932596555404,501.3117351050236,496.77024724997165,497.4789123535156,14410500
2134,2025-09-09,TSLA,348.44000244140625,350.7699890136719,343.82000732421875,346.9700012207031,53816000
2135,2025-09-10,AAPL,231.96513778704139,232.19491077497392,225.73117543382176,226.5703582763672,83440800
2136,2025-09-10,GOOG,239.09399790914586,241.922154447817,237.95474185194615,239.40379333496094,19990100
2137,2025-09-10,META,763.990858904295,764.5600175863916,749.8818911499914,750.8604125976562,12478300
2138,2025-09-10,MSFT,502.04038173392,502.2899147028095,495.7920664455459,499.43524169921875,21611800
2139,2025-09-10,TSLA,350.54998779296875,356.3299865722656,346.07000732421875,347.7900085449219,72121700
2140,2025-09-11,AAPL,226.66027725307507,230.22681187017153,226.43048902665416,229.80722045898438,50208600
2141,2025-09-11,GOOG,239.9834190128315,242.41184249017257,236.42574270750922,240.6230010986328,21308600
2142,2025-09-11,META,753.5264602522736,755.9727638030715,747.2557810059183,749.7820434570312,7923300
2143,2025-09-11,MSFT,501.31173995388707,502.2300346920423,496.9499084839274,500.0740661621094,18881600
2144,2025-09-11,TSLA,350.1700134277344,368.989990234375,347.6000061035156,368.80999755859375,103756000
2145,2025-09-12,AAPL,228.9980136278554,234.28288383192944,228.79821036620638,233.84332275390625,55824200
2146,2025-09-12,GOOG,240.64300206108857,242.2649449671254,238.34449860548148,241.22262573242188,14536600
2147,2025-09-12,META,747.6151944100551,756.4420593260343,742.6526235095245,754.4650268554688,8248600
2148,2025-09-12,MSFT,505.70352006176233,511.59249216822343,502.9087629314118,508.94744873046875,23624900
2149,2025-09-12,TSLA,370.94000244140625,396.69000244140625,370.239990234375,395.94000244140625,168156400
2150,2025-09-15,AAPL,236.77047667310174,237.95932665324483,234.80238330570734,236.47076416015625,42699500
2151,2025-09-15,GOOG,244.980161745602,252.58520043798106,244.82026241003442,251.59584045410156,29935200
2152,2025-09-15,META,756.3421855933647,772.9175066813722,750.8703641812288,763.5614624023438,10533800
2153,2025-09-15,MSFT,507.8395136770829,514.5069966795595,506.05284913244947,514.397216796875,17143800
2154,2025-09-15,TSLA,423.1300048828125,425.70001220703125,402.42999267578125,410.0400085449219,163823700
2155,2025-09-16,AAPL,236.9502954777413,240.98639147239973,236.09114297984144,237.9193572998047,63421100
2156,2025-09-16,GOOG,252.165483340186,253.06489044304075,249.5521828236566,251.25607299804688,24493500
2157,2025-09-16,META,765.8580156945753,780.1966205012909,763.960820221922,777.8401489257812,11782500
2158,2025-09-16,MSFT,515.9144004162443,516.2637221986186,507.64986983793983,508.08905029296875,19711900
2159,2025-09-16,TSLA,414.5,423.25,411.42999267578125,421.6199951171875,104285700
2160,2025-09-17,AAPL,238.73857528095925,239.86748583209587,237.4997706474641,238.75856018066406,46508000
2161,2025-09-17,GOOG,251.2960541573909,251.7857249169014,246.41923105002894,249.68710327148438,20491300
2162,2025-09-17,META,778.828725718326,782.1238004242355,765.1691000860621,774.5650634765625,9400900
2163,2025-09-17,MSFT,509.6660849144807,510.33484666258875,504.9848440594251,509.06719970703125,15816600
2164,2025-09-17,TSLA,415.75,428.30999755859375,409.6700134277344,425.8599853515625,106133500
2165,2025-09-18,AAPL,239.737599946219,240.9664044724694,236.4208079152849,237.64962768554688,44249600
2166,2025-09-18,GOOG,251.6957867895291,253.97429899966014,249.9469277971752,252.1654815673828,21166400
2167,2025-09-18,META,779.5875734416616,787.6056471582369,772.2085614820411,779.0883178710938,10955000
2168,2025-09-18,MSFT,510.5344514878828,512.1115168727503,506.71161989545686,507.5001525878906,18913700
2169,2025-09-18,TSLA,428.8699951171875,432.2200012207031,416.55999755859375,416.8500061035156,90454500
2170,2025-09-19,AAPL,240.99636870073516,246.06146581163878,239.9773675285625,245.26223754882812,163741300
2171,2025-09-19,GOOG,253.23476605196709,256.5326326066914,251.90363384209934,255.07357788085938,41616800
2172,2025-09-19,META,785.2490765825911,789.6225600448605,768.0447499547826,777.2210693359375,23696800
2173,2025-09-19,MSFT,509.6061757592278,518.3298380532008,509.35664280609984,516.96240234375,52474100
2174,2025-09-19,TSLA,421.82000732421875,429.4700012207031,421.7200012207031,426.07000732421875,93131000
2175,2025-09-22,AAPL,248.05953649140056,256.3914711896616,247.8797028858207,255.8319854736328,105517400
2176,2025-09-22,GOOG,254.6138734432144,256.1428746106005,250.64646080006915,252.71511840820312,20079000
2177,2025-09-22,META,781.2128396094075,785.0896826443245,763.8469978355404,764.5364379882812,11706900
2178,2025-09-22,MSFT,514.6268375894382,516.772784556969,511.5824866494396,513.4889526367188,20009300
2179,2025-09-22,TSLA,431.1099853515625,444.9800109863281,429.1300048828125,434.2099914550781,97108800
2180,2025-09-23,AAPL,255.63220171436936,257.0907792625319,253.33442606621003,254.18359375,60275200
2181,2025-09-23,GOOG,253.48960582394037,254.6038842900218,250.92627586419746,252.1754608154297,17521100
2182,2025-09-23,META,768.6231126086477,769.9719880546131,750.4579354131178,754.784423828125,10872600
2183,2025-09-23,MSFT,512.8401566617626,513.6287198501773,506.3622903955001,508.2787170410156,19799600
2184,2025-09-23,TSLA,439.8800048828125,440.9700012207031,423.7200012207031,425.8500061035156,83422700
2185,2025-09-24,AAPL,254.9728287261993,255.4923293909784,250.79686899703333,252.06564331054688,42303700
2186,2025-09-24,GOOG,251.9855865910959,252.79507126242333,247.05880837825745,247.6684112548828,16958500
2187,2025-09-24,META,756.8827020619125,760.4897455830934,751.9167814613187,760.0401000976562,8828200
2188,2025-09-24,MSFT,509.4265417419943,511.5225942719762,505.9730140478167,509.19696044921875,13533700
2189,2025-09-24,TSLA,429.8299865722656,444.2099914550781,429.0299987792969,442.7900085449219,93133600
2190,2025-09-25,AAPL,252.96477212582877,256.9209435623003,251.466224879955,256.6212158203125,55202100
2191,2025-09-25,GOOG,244.68035772423693,247.1537500940936,241.49243520267595,246.40924072265625,17379800
2192,2025-09-25,META,752.8360219788784,756.1533238123261,743.9432502397539,748.2996826171875,10591100
2193,2025-09-25,MSFT,507.3504106819217,509.0572380888419,504.09652154158834,506.0827941894531,15786500
2194,2025-09-25,TSLA,435.239990234375,435.3500061035156,419.0799865722656,423.3900146484375,96746400
2195,2025-09-26,AAPL,253.8539172209246,257.3505275669758,253.5342198150173,255.2126007080078,46076300
2196,2025-09-26,GOOG,247.62344586003442,249.95691488202831,246.4791881395072,247.01882934570312,16594600
2197,2025-09-26,META,749.3888277967437,751.3172477286904,736.7491118404043,743.1439208984375,9696300
2198,2025-09-26,MSFT,509.1071380786861,512.9798945996346,505.67356201643696,510.5045166015625,16213100
2199,2025-09-26,TSLA,428.29998779296875,440.4700012207031,421.0199890136719,440.3999938964844,101628200
2200,2025-09-29,AAPL,254.31347273152574,254.75304905914027,252.76497075706976,254.18359375,40127700
2201,2025-09-29,GOOG,248.11310889238666,251.48391066241172,243.04142104059784,244.20066833496094,23157200
2202,2025-09-29,META,748.1098002440084,750.1681799899285,738.5476529969768,742.794189453125,9246800
2203,2025-09-29,MSFT,510.5444265624633,515.8844074376258,507.9293260645142,513.6386108398438,17617800
2204,2025-09-29,TSLA,444.3500061035156,450.9800109863281,439.5,443.2099914550781,79491500
2205,2025-09-30,AAPL,254.61318058017173,255.67215158054225,252.8648753735947,254.38340759277344,37704300
2206,2025-09-30,GOOG,242.90151883167655,243.51612333212861,239.4147952973542,243.39120483398438,22541200
2207,2025-09-30,META,741.6451369970716,742.3645209926972,725.7081225297242,733.7815551757812,16226800
2208,2025-09-30,MSFT,512.2811987663596,517.1919905812645,508.70790002171145,516.982421875,19728200
2209,2025-09-30,TSLA,441.5199890136719,445.0,433.1199951171875,444.7200012207031,74358000
2210,2025-10-01,AAPL,254.7929996074261,258.53938316103813,254.6831055272507,255.20260620117188,48713900
2211,2025-10-01,GOOG,241.02274023707793,246.98884894065887,239.0440354920674,245.37989807128906,23967700
2212,2025-10-01,META,720.9020135039985,721.2617054862658,709.6212362201944,716.7554321289062,20419600
2213,2025-10-01,MSFT,513.8382741479315,519.5376290534263,510.7340986553811,518.7391357421875,22632300
2214,2025-10-01,TSLA,443.79998779296875,462.2900085449219,440.75,459.4599914550781,98122300
2215,2025-10-02,AAPL,256.33149581258533,257.9299523535748,253.9038565188199,256.8809814453125,42630200
2216,2025-10-02,GOOG,245.4798394250779,247.4735337836427,242.94648861306507,246.26931762695312,20657500
2217,2025-10-02,META,721.9911913779041,727.176964520395,717.5548070653372,726.45751953125,11415300
2218,2025-10-02,MSFT,516.6730253227585,520.625588764222,509.7260051791023,514.7765502929688,21222900
2219,2025-10-02,TSLA,470.5400085449219,470.75,435.57000732421875,436.0,137009000
2220,2025-10-03,AAPL,254.42336451804394,258.9889308017334,253.70406057825727,257.7701110839844,49155600
2221,2025-10-03,GOOG,245.0701008850218,246.95687035937326,242.31190594958701,246.289306640625,19941400
2222,2025-10-03,META,729.0354240673363,730.4043027655052,709.6012618171895,709.98095703125,16154300
2223,2025-10-03,MSFT,516.1339509263171,519.5176324904353,514.0378984273964,516.3834838867188,15112300
2224,2025-10-03,TSLA,443.2900085449219,446.7699890136719,416.5799865722656,429.8299865722656,133188200
2225,2025-10-06,AAPL,257.7401350456914,258.819106172963,254.80299514816292,256.44140625,44664100
2226,2025-10-06,GOOG,245.61974856895048,252.03556085596028,245.52981090927676,251.34600830078125,18309000
2227,2025-10-06,META,704.6153434967972,716.2958197616522,689.9473135389625,715.0767822265625,21654700
2228,2025-10-06,MSFT,517.6411650074094,530.0380069481532,517.2319577376861,527.5825805664062,21388600
2229,2025-10-06,TSLA,440.75,453.54998779296875,436.69000244140625,453.25,85324900
2230,2025-10-07,AAPL,256.56129542181253,257.15072039039774,255.18262697514498,256.23162841796875,31955800
2231,2025-10-07,GOOG,248.76768624174676,251.38598832802836,246.64907339611258,246.9688720703125,13811200
2232,2025-10-07,META,717.135073707775,717.9144673294414,705.1748577839295,712.4989013671875,12062900
2233,2025-10-07,MSFT,527.3030443984364,528.8102332144322,520.4658657072805,523.0010986328125,14615200
2234,2025-10-07,TSLA,447.82000732421875,452.67999267578125,432.45001220703125,433.0899963378906,102296100
2235,2025-10-08,AAPL,256.2715719294531,258.2696351050741,255.8619653198879,257.8100891113281,36496900
2236,2025-10-08,GOOG,246.0394650074506,247.09877140655033,244.9301881605209,245.29995727539062,14136500
2237,2025-10-08,META,712.8686286502683,719.063588526951,707.233209995552,717.2550659179688,10790600
2238,2025-10-08,MSFT,522.3024933531,525.9656203925812,522.1128458539913,523.8695068359375,13363400
2239,2025-10-08,TSLA,437.57000732421875,441.3299865722656,425.2300109863281,438.69000244140625,71192100
2240,2025-10-09,AAPL,257.5603136690899,257.75013209688524,252.8948383011137,253.79396057128906,38322000
2241,2025-10-09,GOOG,244.9002108090174,245.39488317397436,239.52371385692186,242.0520782470703,19375700
2242,2025-10-09,META,717.694662739213,732.9122314453125,711.8593952481671,732.9122314453125,12717200
2243,2025-10-09,MSFT,521.3642478231245,523.3505205733983,516.4334737589328,521.4241333007812,18343600
2244,2025-10-09,TSLA,431.80999755859375,436.3500061035156,426.17999267578125,435.5400085449219,69339900
2245,2025-10-10,AAPL,254.69310389004832,256.13171175032437,243.76369637579657,245.032470703125,61999100
2246,2025-10-10,GOOG,242.00211257865035,244.68035786865013,236.53067624153942,237.3351593017578,22449100
2247,2025-10-10,META,730.3243364156914,734.6708280741015,703.9358854737135,704.7252197265625,16980100
2248,2025-10-10,MSFT,518.6692706129455,522.6019127014883,508.6779606337136,510.0054626464844,24133800
2249,2025-10-10,TSLA,436.5400085449219,443.1300048828125,411.45001220703125,413.489990234375,112107900
2250,2025-10-13,AAPL,249.13848619669534,249.44818352992385,245.32217845998096,247.42015075683594,38142900
2251,2025-10-13,GOOG,240.87283726789343,244.83026189387334,240.5930210593619,244.48048400878906,12465000
2252,2025-10-13,META,712.4289500007787,719.353295154282,707.0633311027989,715.1167602539062,9251800
2253,2025-10-13,MSFT,515.4452371680482,515.4452371680482,510.7240930552238,513.0896606445312,14284200
2254,2025-10-13,TSLA,423.5299987792969,436.8900146484375,419.70001220703125,435.8999938964844,79552800
2255,2025-10-14,AAPL,246.36117950382103,248.60900042906025,244.46301046499008,247.53004455566406,35478000
2256,2025-10-14,GOOG,241.59737415880704,247.86327497207864,241.0207392770717,246.02947998046875,17705400
2257,2025-10-14,META,707.2032236513401,714.966850016347,698.7600977854659,708.072509765625,8829800
2258,2025-10-14,MSFT,509.2768388871209,514.3174231454748,505.05473007895694,512.610595703125,14684300
2259,2025-10-14,TSLA,426.7900085449219,434.20001220703125,417.8599853515625,429.239990234375,72669400
2260,2025-10-15,AAPL,249.24838988167792,251.5761352503302,247.2303418581919,249.09852600097656,33893600
2261,2025-10-15,GOOG,247.92324680271904,252.59518634371952,246.62907776804082,251.54588317871094,16048100
2262,2025-10-15,META,716.4756800447307,723.3101331023296,708.9318445822669,716.9652709960938,10246800
2263,2025-10-15,MSFT,513.9979961583023,516.2238106749688,509.04724028199115,512.4708251953125,14694700
2264,2025-10-15,TSLA,434.8999938964844,440.510009765625,426.3299865722656,435.1499938964844,71558200
2265,2025-10-16,AAPL,248.00958596667436,248.79881419551728,244.8926123625184,247.21035766601562,39777000
2266,2025-10-16,GOOG,252.30038456613704,257.412039733801,250.5065567686617,251.7157745361328,18946000
2267,2025-10-16,META,716.9652609619593,724.898793146875,703.3064176322127,711.48974609375,9017000
2268,2025-10-16,MSFT,511.62245544117155,515.884437136842,507.1807563967364,510.65423583984375,15559600
2269,2025-10-16,TSLA,434.7300109863281,439.3500061035156,421.30999755859375,428.75,77189900
2270,2025-10-17,AAPL,247.77980070207627,253.13461023404025,247.03052706557392,252.045654296875,49147000
2271,2025-10-17,GOOG,251.18611550864574,254.71381258280724,248.42790538348763,253.62451171875,17653800
2272,2025-10-17,META,706.5038073054051,717.9544293541486,705.5445676686097,716.3357543945312,12232400
2273,2025-10-17,MSFT,508.0890780500653,514.5170195527368,506.3622988729776,512.62060546875,19867800
2274,2025-10-17,TSLA,425.5,441.4599914550781,423.6000061035156,439.30999755859375,89331600
2275,2025-10-20,AAPL,255.64218177653177,264.1239650925819,255.3824390623343,261.98602294921875,90483000
2276,2025-10-20,GOOG,255.06359074677613,257.71187214774994,254.4340118637041,256.8524169921875,13726800
2277,2025-10-20,META,720.602270855396,733.1720358988009,719.5930841941394,731.5733032226562,8900200
2278,2025-10-20,MSFT,513.6486038577511,517.730989827423,512.4708156147512,515.8245239257812,14665600
2279,2025-10-20,TSLA,443.8699951171875,449.79998779296875,440.6099853515625,447.42999267578125,63719000
2280,2025-10-21,AAPL,261.6263807259345,265.03308188579996,261.5764108568555,262.5155029296875,46695900
2281,2025-10-21,GOOG,255.08357119414507,255.21349131081692,244.5104677649344,251.17611694335938,27836400
2282,2025-10-21,META,735.4202444049121,737.898203963144,728.156149137632,732.6724853515625,7647300
2283,2025-10-21,MSFT,516.533257830336,517.7210372272165,512.0815676283437,516.6929321289062,15586200
2284,2025-10-21,TSLA,445.760009765625,449.29998779296875,442.04998779296875,442.6000061035156,54412200
2285,2025-10-22,AAPL,262.3956210979312,262.5954395959732,255.18261234613632,258.19970703125,45015300
2286,2025-10-22,GOOG,254.8437198779537,257.0123031390601,250.2877020062622,252.36534118652344,19650200
2287,2025-10-22,META,733.2320185457676,739.9964601984101,723.4400167690366,732.8123168945312,8734500
2288,2025-10-22,MSFT,520.1764726871388,524.2488070435115,516.7428964573043,519.5675659179688,18962700
2289,2025-10-22,TSLA,443.45001220703125,445.5400085449219,429.0,438.9700012207031,84023500
2290,2025-10-23,AAPL,259.68824995662277,260.36758405794774,257.76012648314656,259.3285827636719,32754900
2291,2025-10-23,GOOG,253.53458071688394,255.69317602396845,252.60319681232596,253.56455993652344,13241300
2292,2025-10-23,META,734.1012972282697,741.8049752352916,732.5025644943078,733.40185546875,9856000
2293,2025-10-23,MSFT,521.4839993377199,522.9712060783663,517.6411550810741,519.5875244140625,14023500
2294,2025-10-23,TSLA,420.0,449.3999938964844,413.8999938964844,448.9800109863281,126709800
2295,2025-10-24,AAPL,260.93706434715574,263.87421967110856,258.9290010880386,262.56549072265625,38253700
2296,2025-10-24,GOOG,257.1322199898904,262.3388448619566,255.933020726793,260.34014892578125,18406000
2297,2025-10-24,META,736.1895728454068,740.6060149267306,730.5542151922721,737.75830078125,9151300
2298,2025-10-24,MSFT,521.8133604589415,524.3685757173844,519.7372899447384,522.6318359375,15532400
2299,2025-10-24,TSLA,446.8299865722656,451.67999267578125,430.1700134277344,433.7200012207031,94727800
2300,2025-10-27,AAPL,264.6234656652487,268.8593494221352,264.3936774471076,268.5496520996094,44888200
2301,2025-10-27,GOOG,265.1869701320579,270.6234256814365,264.7672610515648,269.7539978027344,22987700
2302,2025-10-27,META,749.1189913399045,755.1341048828856,747.4004223192904,750.2081298828125,11321100
2303,2025-10-27,MSFT,530.7866236569336,533.5813808592218,528.0217787333662,530.527099609375,18734700
2304,2025-10-27,TSLA,439.9800109863281,460.1600036621094,438.69000244140625,452.4200134277344,105867500
2305,2025-10-28,AAPL,268.7294713644567,269.6286240979669,267.8902885694659,268.7394714355469,41534800
2306,2025-10-28,GOOG,270.0238398308567,271.2030631428179,266.9958166328353,268.2549743652344,20101200
2307,2025-10-28,META,752.0166693998259,757.7819868095911,744.9124781386814,750.82763671875,12193800
2308,2025-10-28,MSFT,548.9725518014023,552.6855732732587,539.7598137450263,541.057373046875,29986700
2309,2025-10-28,TSLA,454.7799987792969,467.0,451.6000061035156,460.54998779296875,80185700
2310,2025-10-29,AAPL,269.01920560410514,271.1471476128123,266.85129379808274,269.4388122558594,51086700
2311,2025-10-29,GOOG,268.4348496955852,275.790066781071,268.25497437633226,274.9906005859375,26287900
2312,2025-10-29,META,754.1349412128479,758.5413205942342,741.9049255575367,751.0574340820312,26818600
2313,2025-10-29,MSFT,543.9220119141725,545.2495444281135,535.7273269044096,540.538330078125,36023000
2314,2025-10-29,TSLA,462.5,465.70001220703125,452.6499938964844,461.510009765625,67983500
2315,2025-10-30,AAPL,271.72657092903916,273.87451306817263,268.2199910571769,271.13714599609375,69886500
2316,2025-10-30,GOOG,291.5297909040995,291.73964543835973,280.26715026616273,281.7161865234375,48570000
2317,2025-10-30,META,668.6047496805471,680.405123547836,649.6401745693712,665.9268798828125,88440100
2318,2025-10-30,MSFT,529.4889853080866,533.9705877450752,521.1446173319796,524.77783203125,41023100
2319,2025-10-30,TSLA,451.04998779296875,455.05999755859375,439.6099853515625,440.1000061035156,72447900
2320,2025-10-31,AAPL,276.721738255342,277.05143573891627,268.89933466249033,270.108154296875,86167100
2321,2025-10-31,GOOG,283.0203372294134,286.09834615146855,277.34206555342627,281.6362609863281,29932800
2322,2025-10-31,META,673.9603724515775,674.3400676801817,645.0439523217459,647.8216552734375,56953200
2323,2025-10-31,MSFT,527.8919782690999,528.3311587204174,514.137692119172,516.8426513671875,34006400
2324,2025-10-31,TSLA,446.75,458.0,443.69000244140625,456.55999755859375,83135800
2325,2025-11-03,AAPL,270.15812755648943,270.5877038096653,265.9921525413924,268.7894287109375,50194600
2326,2025-11-03,GOOG,282.23588008942727,285.75357412647895,280.1871983580786,283.93475341796875,19691800
2327,2025-11-03,META,655.4654426520216,658.792746197499,635.6615861365713,637.1903686523438,33003600
2328,2025-11-03,MSFT,518.8389228578652,523.9793263365088,513.628703759196,516.0641479492188,22374700
2329,2025-11-03,TSLA,455.989990234375,474.07000732421875,453.79998779296875,468.3699951171875,84595200
2330,2025-11-04,AAPL,268.0701070960229,271.22705027239556,267.36080327265466,269.7784729003906,49274800
2331,2025-11-04,GOOG,276.88434628169716,281.65024916844396,276.6844644896837,277.8786926269531,18123700
2332,2025-11-04,META,627.528160823027,641.2170082918374,625.4998468710925,626.8087768554688,27356600
2333,2025-11-04,MSFT,510.80399534425794,514.5868933466259,506.8913048594995,513.3692016601562,20958700
2334,2025-11-04,TSLA,454.4599914550781,460.2200012207031,443.6000061035156,444.260009765625,87756600
2335,2025-11-05,AAPL,268.3498399683747,271.43687417180433,266.67147434431234,269.8783874511719,43683100
2336,2025-11-05,GOOG,279.19783739958865,286.51307177195645,277.69881546251395,284.5643310546875,20063200
2337,2025-11-05,META,631.7947143740674,641.7066132741587,626.0293969573662,635.4317626953125,20219900
2338,2025-11-05,MSFT,512.3410686781482,513.8682396575209,505.6336213981725,506.2125549316406,23024300
2339,2025-11-05,TSLA,452.04998779296875,466.3299865722656,440.7099914550781,462.07000732421875,85573000
2340,2025-11-06,AAPL,267.6305743388968,273.1352174017799,267.6305743388968,269.50872802734375,51204000
2341,2025-11-06,GOOG,285.5486926715029,288.62170004085374,281.4363853167139,285.1539611816406,23103800
2342,2025-11-06,META,635.3318005623231,635.4817027165644,617.4963715076051,618.4356079101562,23628800
2343,2025-11-06,MSFT,504.7153625290288,504.75529633258907,494.88375756631746,496.1713562011719,27406500
2344,2025-11-06,TSLA,461.9599914550781,467.45001220703125,435.0899963378906,445.9100036621094,109622900
2345,2025-11-07,AAPL,269.5386899523433,272.02629915101613,266.51162568814635,268.2099914550781,48227400
2346,2025-11-07,GOOG,284.02467776243657,284.3144972128298,275.56019924413687,279.51763916015625,21991100
2347,2025-11-07,META,615.9875913853423,621.6230097922952,600.7100736857968,621.203369140625,29946800
2348,2025-11-07,MSFT,496.02163823572937,498.4470913363115,492.32853818272196,495.8918762207031,24019800
2349,2025-11-07,TSLA,437.9200134277344,439.3599853515625,421.8800048828125,429.5199890136719,103471500
2350,2025-11-10,AAPL,268.9599914550781,273.7300109863281,267.4599914550781,269.42999267578125,41312400
2351,2025-11-10,GOOG,285.0790032414487,291.26994051890455,283.35512195449274,290.4005126953125,19508200
2352,2025-11-10,META,630.5757412925083,634.4825281361091,617.606277436272,631.2451782226562,19245000
2353,2025-11-10,MSFT,499.10586069795033,505.9031361854127,497.8681564860657,505.0547180175781,26101500
2354,2025-11-10,TSLA,439.6000061035156,449.6700134277344,433.3599853515625,445.2300109863281,76515900
2355,2025-11-11,AAPL,269.80999755859375,275.9100036621094,269.79998779296875,275.25,46208300
2356,2025-11-11,GOOG,288.01210422755497,292.14938906618625,287.6923055498566,291.5497741699219,14156700
2357,2025-11-11,META,627.4882640088713,629.0469903781388,618.8852946435945,626.5690307617188,13302200
2358,2025-11-11,MSFT,503.85694933091565,508.64800052182136,501.411544557113,507.7297058105469,17980000
2359,2025-11-11,TSLA,439.3999938964844,442.489990234375,432.3599853515625,439.6199951171875,60533200
2360,2025-11-12,AAPL,275.0,275.7300109863281,271.70001220703125,273.4700012207031,48398000
2361,2025-11-12,GOOG,291.8945478823368,292.16936247888566,284.1945850710095,287.2425842285156,16998800
2362,2025-11-12,META,627.6181473129036,628.4774318700306,607.2747531328254,608.5137329101562,24493300
2363,2025-11-12,MSFT,508.4084461357136,510.7141588310794,498.18758530403636,510.1851501464844,26574900
2364,2025-11-12,TSLA,442.1499938964844,442.3299865722656,426.55999755859375,430.6000061035156,58513500
2365,2025-11-13,AAPL,274.1099853515625,276.70001220703125,272.0899963378906,272.95001220703125,49602800
2366,2025-11-13,GOOG,282.8004891969117,283.3251713137129,277.8187538786583,278.9380187988281,18060200
2367,2025-11-13,META,612.5704066192014,617.1466913787408,602.5086055074847,609.3930053710938,20973800
2368,2025-11-13,MSFT,509.3566671737073,512.54071024479,500.3535287599438,502.34979248046875,25273100
2369,2025-11-13,TSLA,423.1300048828125,424.5,396.3399963378906,401.989990234375,118948000
2370,2025-11-14,AAPL,271.04998779296875,275.9599914550781,269.6000061035156,272.4100036621094,47431300
2371,2025-11-14,GOOG,271.7177016420648,278.96797594579846,271.2330325220686,276.7994079589844,18330500
2372,2025-11-14,META,601.2995852054279,613.1799107961393,594.7149894844074,608.96337890625,20724100
2373,2025-11-14,MSFT,497.2992409027003,510.644258818196,496.51070821491913,509.2268981933594,28505700
2374,2025-11-14,TSLA,386.29998779296875,412.19000244140625,382.7799987792969,404.3500061035156,105506700
2375,2025-11-17,AAPL,268.82000732421875,270.489990234375,265.7300109863281,267.4599914550781,45018300
2376,2025-11-17,GOOG,286.2132540229553,294.32795470266535,284.04468599528104,285.4137878417969,34286100
2377,2025-11-17,META,608.54364845602,611.1915132655756,594.914810553651,601.5194091796875,16501300
2378,2025-11-17,MSFT,507.5001596757347,511.16328656765256,503.9667643395777,506.54193115234375,19092800
2379,2025-11-17,TSLA,398.739990234375,423.9599914550781,398.739990234375,408.9200134277344,102214300
2380,2025-11-18,AAPL,269.989990234375,270.7099914550781,265.32000732421875,267.44000244140625,45677300
2381,2025-11-18,GOOG,288.2968960757756,289.246288884512,278.8280980775343,284.7742004394531,29702200
2382,2025-11-18,META,591.1178778321469,603.1680476389258,583.3043040560937,597.2029418945312,25500600
2383,2025-11-18,MSFT,494.44458869198826,502.0403882023454,485.87063942574486,492.8675537109375,33815100
2384,2025-11-18,TSLA,405.3800048828125,408.8999938964844,393.7099914550781,401.25,80688600
2385,2025-11-19,AAPL,265.5299987792969,272.2099914550781,265.5,268.55999755859375,40424500
2386,2025-11-19,GOOG,287.4974165660577,304.05161802852626,287.482442205392,292.7989501953125,43123600
2387,2025-11-19,META,593.236120814011,594.8448550993957,580.7763124672824,589.8389282226562,24744700
2388,2025-11-19,MSFT,489.18443539234676,494.264922953439,481.9279972054541,486.2099914550781,23245300
2389,2025-11-19,TSLA,406.17999267578125,411.7799987792969,398.5,403.989990234375,72047700
2390,2025-11-20,AAPL,270.8299865722656,275.42999267578125,265.9200134277344,266.25,45823600
2391,2025-11-20,GOOG,304.5413108694683,306.68993354598797,288.98148512013125,289.79095458984375,34801400
2392,2025-11-20,META,603.0082035639184,606.225550290049,582.8745995478572,588.669921875,20603000
2393,2025-11-20,MSFT,492.7099914550781,493.57000732421875,475.5,478.42999267578125,26802500
2394,2025-11-20,TSLA,414.6300048828125,428.94000244140625,394.739990234375,395.2300109863281,113548800
2395,2025-11-21,AAPL,265.95001220703125,273.3299865722656,265.6700134277344,271.489990234375,59030800
2396,2025-11-21,GOOG,296.6764341573702,303.7618077764989,294.1680609326802,299.4546203613281,43670600
2397,2025-11-21,META,588.0204327318114,597.6325885375659,581.38582901572,593.7657470703125,21052600
2398,2025-11-21,MSFT,478.5,478.9200134277344,468.2699890136719,472.1199951171875,31769200
2399,2025-11-21,TSLA,402.32000732421875,402.79998779296875,383.760009765625,391.0899963378906,100460600
2400,2025-11-24,AAPL,270.8999938964844,277.0,270.8999938964844,275.9200134277344,65585800
2401,2025-11-24,GOOG,310.8072320588326,319.5914790436659,309.19826591579596,318.2623596191406,55311800
2402,2025-11-24,META,598.2320754408486,616.1974650582393,597.1429978306941,612.5504150390625,23554900
2403,2025-11-24,MSFT,475.0,476.8999938964844,468.0199890136719,474.0,34421000
2404,2025-11-24,TSLA,402.1700134277344,421.7200012207031,401.0899963378906,417.7799987792969,96806400
2405,2025-11-25,AAPL,275.2699890136719,280.3800048828125,275.25,276.9700012207031,46914200
2406,2025-11-25,GOOG,326.5868982838347,328.4557045708052,317.6087780037563,323.4289855957031,50899300
2407,2025-11-25,META,623.4914651316196,636.5308177101258,617.7960982049689,635.7014770507812,25213000
2408,2025-11-25,MSFT,474.07000732421875,479.1499938964844,464.8900146484375,476.989990234375,28019800
2409,2025-11-25,TSLA,414.4200134277344,420.4800109863281,405.95001220703125,419.3999938964844,71915600
2410,2025-11-26,AAPL,276.9599914550781,279.5299987792969,276.6300048828125,277.54998779296875,33431400
2411,2025-11-26,GOOG,320.57084097778153,324.7780873971327,316.99318865990756,320.0711669921875,29839600
2412,2025-11-26,META,637.1703200291516,637.8397569399452,631.1152610365342,633.0936279296875,15209500
2413,2025-11-26,MSFT,486.30999755859375,488.30999755859375,481.20001220703125,485.5,25709100
2414,2025-11-26,TSLA,423.95001220703125,426.94000244140625,416.8900146484375,426.5799865722656,63463000
2415,2025-11-28,AAPL,277.260009765625,279.0,275.989990234375,278.8500061035156,20135600
2416,2025-11-28,GOOG,323.21912492867204,326.6668878195667,316.73336599519826,319.9112854003906,19695800
2417,2025-11-28,META,635.5616748244524,647.5218911860414,634.9821303911365,647.4219970703125,11033200
2418,2025-11-28,MSFT,487.6000061035156,492.6300048828125,486.6499938964844,492.010009765625,14386700
2419,2025-11-28,TSLA,426.5899963378906,432.92999267578125,426.20001220703125,430.1700134277344,36252900
2420,2025-12-01,AAPL,278.010009765625,283.4200134277344,276.1400146484375,283.1000061035156,46587700
2421,2025-12-01,GOOG,317.26799565865406,319.42158926511087,313.77527946257874,314.9145202636719,28520600
2422,2025-12-01,META,639.028785702615,644.7941029489796,637.2402664201815,640.3477172851562,13029900
2423,2025-12-01,MSFT,488.44000244140625,489.8599853515625,484.6499938964844,486.739990234375,23964000
2424,2025-12-01,TSLA,425.32000732421875,433.6600036621094,425.2900085449219,430.1400146484375,57463600
2425,2025-12-02,AAPL,283.0,287.3999938964844,282.6300048828125,286.19000244140625,53669500
2426,2025-12-02,GOOG,316.6933654189159,318.39226916605145,314.0151201802352,315.8139343261719,24668200
2427,2025-12-02,META,641.8165621493692,647.3420238521164,637.5500224020741,646.5726318359375,11640900
2428,2025-12-02,MSFT,486.7200012207031,493.5,486.32000732421875,490.0,19562700
2429,2025-12-02,TSLA,430.80999755859375,436.79998779296875,422.1199951171875,429.239990234375,69336600
2430,2025-12-03,AAPL,286.20001220703125,288.6199951171875,283.29998779296875,284.1499938964844,43538700
2431,2025-12-03,GOOG,315.82394606355047,321.83003728081405,314.07508706995475,320.41094970703125,32285100
2432,2025-12-03,META,643.8848130159247,648.3211970895987,637.0304181904862,639.0787353515625,11134300
2433,2025-12-03,MSFT,476.32000732421875,484.239990234375,475.20001220703125,477.7300109863281,34615100
2434,2025-12-03,TSLA,432.1000061035156,447.9200134277344,431.1099853515625,446.739990234375,87483000
2435,2025-12-04,AAPL,284.1000061035156,284.7300109863281,278.5899963378906,280.70001220703125,43989100
2436,2025-12-04,GOOG,322.83439794428057,322.88834834302395,315.38424129791457,318.18243408203125,20831600
2437,2025-12-04,META,675.4491463216154,675.5490404402168,659.512131337801,660.990966796875,29874600
2438,2025-12-04,MSFT,479.760009765625,481.32000732421875,476.489990234375,480.8399963378906,22318200
2439,2025-12-04,TSLA,449.94000244140625,454.6300048828125,445.3900146484375,454.5299987792969,71906500
2440,2025-12-05,AAPL,280.5400085449219,281.1400146484375,278.04998779296875,278.7799987792969,47265800
2441,2025-12-05,GOOG,319.79134083015884,323.61883002174113,319.77136485052137,321.8799743652344,15719900
2442,2025-12-05,META,663.4589092143041,674.1402004180294,661.8502358329807,672.8712158203125,21207900
2443,2025-12-05,MSFT,482.5199890136719,483.3999938964844,478.8800048828125,483.1600036621094,22608700
2444,2025-12-05,TSLA,453.0299987792969,458.8699951171875,451.6600036621094,455.0,56427500
2445,2025-12-08,AAPL,278.1300048828125,279.6700134277344,276.1499938964844,277.8900146484375,38211800
2446,2025-12-08,GOOG,321.0299987792969,321.2300109863281,311.9100036621094,314.45001220703125,22006900
2447,2025-12-08,META,668.7945609027437,676.1585499822719,664.528021142878,666.256591796875,13161000
2448,2025-12-08,MSFT,484.8900146484375,492.29998779296875,484.3800048828125,491.0199890136719,21965900
2449,2025-12-08,TSLA,447.45001220703125,449.75,435.25,439.5799865722656,69165800
2450,2025-12-09,AAPL,278.1600036621094,280.0299987792969,276.9200134277344,277.17999267578125,32193300
2451,2025-12-09,GOOG,313.1000061035156,318.7090148925781,312.6199951171875,317.75,14151300
2452,2025-12-09,META,663.2291308887899,663.9385132978894,652.807637338328,656.4246826171875,12997100
2453,2025-12-09,MSFT,489.1000061035156,492.1199951171875,488.5,492.0199890136719,14696100
2454,2025-12-09,TSLA,437.5400085449219,452.3900146484375,435.70001220703125,445.1700134277344,62367400
2455,2025-12-10,AAPL,277.75,279.75,276.44000244140625,278.7799987792969,33038300
2456,2025-12-10,GOOG,316.6199951171875,321.8699951171875,315.3999938964844,321.0,22764500
2457,2025-12-10,META,649.4203737252112,653.9766553823684,642.8757234590145,649.6002197265625,16910900
2458,2025-12-10,MSFT,484.0299987792969,484.25,475.0799865722656,478.55999755859375,35756200
2459,2025-12-10,TSLA,446.07000732421875,456.8800048828125,443.6099853515625,451.45001220703125,63257500
2460,2025-12-11,AAPL,279.1000061035156,279.5899963378906,273.80999755859375,278.0299987792969,33248000
2461,2025-12-11,GOOG,321.1000061035156,321.989990234375,309.8800048828125,313.70001220703125,25912100
2462,2025-12-11,META,642.7657334383907,654.7460135009795,640.2777724038347,652.1781005859375,13056700
2463,2025-12-11,MSFT,476.6300048828125,486.0299987792969,475.8599853515625,483.4700012207031,24669200
2464,2025-12-11,TSLA,448.95001220703125,449.2699890136719,440.3299865722656,446.8900146484375,55979500
2465,2025-12-12,AAPL,277.8999938964844,279.2200012207031,276.82000732421875,278.2799987792969,39532900
2466,2025-12-12,GOOG,314.7950134277344,316.1400146484375,306.9599914550781,310.5199890136719,21264800
2467,2025-12-12,META,649.2704855848336,710.4206277669183,638.0896015354143,643.7050170898438,14016900
2468,2025-12-12,MSFT,479.82000732421875,482.45001220703125,476.3399963378906,478.5299987792969,21248100
2469,2025-12-12,TSLA,448.0899963378906,463.010009765625,441.6700134277344,458.9599914550781,95656700
2470,2025-12-15,AAPL,280.1499938964844,280.1499938964844,272.8399963378906,274.1099853515625,50409100
2471,2025-12-15,GOOG,312.625,312.70001220703125,305.739990234375,309.32000732421875,22028900
2472,2025-12-15,META,645.7000122070312,653.0,638.7000122070312,647.510009765625,15549100
2473,2025-12-15,MSFT,480.1000061035156,480.7200012207031,472.5199890136719,474.82000732421875,23727700
2474,2025-12-15,TSLA,469.44000244140625,481.7699890136719,467.6600036621094,475.30999755859375,114542200
2475,2025-12-16,AAPL,272.82000732421875,275.5,271.7900085449219,274.6099853515625,37648600
2476,2025-12-16,GOOG,306.0,311.8450012207031,303.8299865722656,307.7300109863281,21285200
2477,2025-12-16,META,643.5,662.5399780273438,643.2000122070312,657.1500244140625,14309100
2478,2025-12-16,MSFT,471.9100036621094,477.8900146484375,470.8800048828125,476.3900146484375,20705600
2479,2025-12-16,TSLA,472.2099914550781,491.5,465.8299865722656,489.8800048828125,107608100
2480,2025-12-17,AAPL,275.010009765625,276.1600036621094,271.6400146484375,271.8399963378906,50138700
2481,2025-12-17,GOOG,309.010009765625,309.19500732421875,297.45001220703125,298.05999755859375,29120400
2482,2025-12-17,META,655.6099853515625,661.22998046875,649.2000122070312,649.5,15598500
2483,2025-12-17,MSFT,476.9100036621094,480.0,475.0,476.1199951171875,24527200
2484,2025-12-17,TSLA,488.2200012207031,495.2799987792969,466.20001220703125,467.260009765625,106490400
2485,2025-12-18,AAPL,273.6099853515625,273.6300048828125,266.95001220703125,272.19000244140625,51630700
2486,2025-12-18,GOOG,303.05999755859375,305.260009765625,300.6300048828125,303.75,21040500
2487,2025-12-18,META,657.030029296875,670.5599975585938,656.4600219726562,664.4500122070312,20260300
2488,2025-12-18,MSFT,478.19000244140625,489.6000061035156,477.8900146484375,483.9800109863281,28573500
2489,2025-12-18,TSLA,478.1600036621094,490.8599853515625,473.1199951171875,483.3699951171875,95168400
2490,2025-12-19,AAPL,272.1499938964844,274.6000061035156,269.8999938964844,273.6700134277344,144632000
2491,2025-12-19,GOOG,303.2699890136719,308.989990234375,302.3399963378906,308.6099853515625,45234400
2492,2025-12-19,META,666.4199829101562,671.0,658.1799926757812,658.77001953125,49977100
2493,2025-12-19,MSFT,487.3599853515625,487.8500061035156,482.489990234375,485.9200134277344,70836100
2494,2025-12-19,TSLA,488.1199951171875,490.489990234375,474.7200012207031,481.20001220703125,103305400
2495,2025-12-22,AAPL,272.8599853515625,273.8800048828125,270.510009765625,270.9700012207031,36571800
2496,2025-12-22,GOOG,311.2250061035156,311.70001220703125,306.5899963378906,311.3299865722656,14091400
2497,2025-12-22,META,661.6500244140625,673.5800170898438,656.6500244140625,661.5,15659400
2498,2025-12-22,MSFT,486.1199951171875,488.7300109863281,482.69000244140625,484.9200134277344,16963000
2499,2025-12-22,TSLA,489.8800048828125,498.8299865722656,485.3299865722656,488.7300109863281,86916100
2500,2025-12-23,AAPL,270.8399963378906,272.5,269.55999755859375,272.3599853515625,29642000
2501,2025-12-23,GOOG,311.135009765625,316.29998779296875,310.75,315.67999267578125,13961400
2502,2025-12-23,META,660.0499877929688,666.0,658.25,664.9400024414062,8486800
2503,2025-12-23,MSFT,484.9800109863281,487.8299865722656,484.739990234375,486.8500061035156,14683600
2504,2025-12-23,TSLA,489.3999938964844,491.9700012207031,482.8399963378906,485.55999755859375,58223600
2505,2025-12-24,AAPL,272.3399963378906,275.42999267578125,272.20001220703125,273.80999755859375,17910600
2506,2025-12-24,GOOG,316.1499938964844,316.2900085449219,313.32000732421875,315.6700134277344,6138200
2507,2025-12-24,META,662.530029296875,668.1799926757812,662.2000122070312,667.5499877929688,5627500
2508,2025-12-24,MSFT,485.67999267578125,489.1600036621094,484.8299865722656,488.0199890136719,5855900
2509,2025-12-24,TSLA,488.4800109863281,490.8999938964844,476.79998779296875,485.3999938964844,41285400
